0.0	7.0	-9.252	1.97
0.0	55.0	7.11	0.48
0.0	68.0	6.528	1.353
12.0	7.0	-9.08	1.867
12.0	55.0	7.11	0.48
12.0	68.0	6.528	1.353
24.0	7.0	-8.806	1.833
24.0	55.0	7.11	0.48
24.0	68.0	6.528	1.353
36.0	7.0	-8.566	1.833
36.0	55.0	7.179	0.428
36.0	68.0	6.528	1.353
48.0	7.0	-8.327	1.833
48.0	55.0	7.179	0.428
48.0	68.0	6.528	1.353
60.0	7.0	-8.07	1.765
60.0	55.0	7.179	0.428
60.0	68.0	6.528	1.353
72.0	7.0	-7.813	1.765
72.0	55.0	7.179	0.428
72.0	68.0	6.528	1.353
84.0	7.0	-7.573	1.765
84.0	55.0	7.059	0.377
84.0	68.0	6.528	1.353
96.0	7.0	-7.264	1.713
96.0	55.0	6.733	0.377
96.0	68.0	6.528	1.353
96.0	60.0	4.763	-1.388
108.0	7.0	-6.939	1.713
108.0	55.0	6.939	0.377
108.0	68.0	6.528	1.353
108.0	60.0	4.969	-1.234
120.0	7.0	-6.63	1.713
120.0	55.0	6.99	0.411
120.0	68.0	6.528	1.353
120.0	60.0	5.345	-0.959
132.0	7.0	-6.373	1.662
132.0	55.0	6.99	0.411
132.0	68.0	6.528	1.353
132.0	60.0	5.654	-0.737
144.0	7.0	-6.202	1.662
144.0	55.0	6.99	0.411
144.0	68.0	6.528	1.353
144.0	60.0	5.894	-0.583
156.0	7.0	-6.223	1.664
156.0	55.0	6.99	0.411
156.0	68.0	6.528	1.353
156.0	60.0	6.031	-0.257
168.0	7.0	-6.26	1.667
168.0	55.0	6.99	0.411
168.0	68.0	6.528	1.353
168.0	60.0	6.031	0.0
180.0	7.0	-6.297	1.67
180.0	55.0	7.024	0.411
180.0	68.0	6.528	1.353
180.0	60.0	6.151	0.171
192.0	7.0	-6.333	1.674
192.0	55.0	7.024	0.411
192.0	68.0	6.528	1.353
192.0	60.0	6.202	0.326
204.0	7.0	-6.37	1.677
204.0	55.0	7.024	0.411
204.0	68.0	6.528	1.353
204.0	60.0	6.339	0.48
216.0	7.0	-6.406	1.68
216.0	55.0	7.059	0.411
216.0	68.0	6.528	1.353
216.0	60.0	6.476	0.651
228.0	7.0	-6.443	1.683
228.0	55.0	7.059	0.411
228.0	68.0	6.528	1.353
228.0	60.0	6.476	0.754
240.0	60.0	6.476	0.754
240.0	8.0	-6.48	1.686
240.0	56.0	7.059	0.411
240.0	69.0	6.528	1.353
252.0	60.0	6.476	0.754
252.0	8.0	-6.516	1.69
252.0	56.0	7.076	0.411
252.0	69.0	6.528	1.353
264.0	60.0	6.476	0.754
264.0	8.0	-6.553	1.693
264.0	56.0	7.076	0.411
264.0	69.0	6.528	1.353
276.0	60.0	6.476	0.754
276.0	8.0	-6.589	1.696
276.0	56.0	7.076	0.411
276.0	69.0	6.528	1.353
288.0	60.0	6.476	0.754
288.0	8.0	-6.626	1.699
288.0	56.0	7.076	0.411
288.0	69.0	6.528	1.353
300.0	60.0	6.408	0.754
300.0	8.0	-6.663	1.703
300.0	56.0	7.076	0.411
300.0	69.0	6.528	1.353
312.0	60.0	6.408	0.754
312.0	8.0	-6.699	1.706
312.0	56.0	7.076	0.411
312.0	69.0	6.528	1.353
324.0	60.0	6.408	0.754
324.0	8.0	-6.736	1.709
324.0	56.0	7.076	0.411
324.0	69.0	6.528	1.353
336.0	8.0	-6.772	1.712
336.0	56.0	7.024	0.411
336.0	69.0	6.528	1.353
336.0	61.0	6.408	0.754
348.0	8.0	-6.809	1.715
348.0	56.0	6.973	0.411
348.0	69.0	6.528	1.353
348.0	61.0	6.408	0.754
360.0	8.0	-6.846	1.719
360.0	56.0	6.973	0.411
360.0	69.0	6.528	1.353
360.0	61.0	6.408	0.754
372.0	8.0	-6.882	1.722
372.0	56.0	6.905	0.411
372.0	69.0	6.528	1.353
372.0	61.0	6.339	0.754
384.0	8.0	-6.919	1.725
384.0	56.0	6.836	0.411
384.0	69.0	6.528	1.353
384.0	61.0	6.339	0.754
396.0	8.0	-6.955	1.728
396.0	56.0	6.767	0.411
396.0	69.0	6.528	1.353
396.0	61.0	6.339	0.754
408.0	8.0	-6.992	1.731
408.0	56.0	6.767	0.411
408.0	69.0	6.528	1.353
408.0	61.0	6.339	0.754
420.0	8.0	-7.029	1.735
420.0	56.0	6.699	0.411
420.0	69.0	6.528	1.353
420.0	61.0	6.339	0.754
432.0	8.0	-7.065	1.738
432.0	56.0	6.699	0.411
432.0	69.0	6.528	1.353
432.0	61.0	6.339	0.702
444.0	8.0	-7.102	1.741
444.0	56.0	6.699	0.411
444.0	69.0	6.528	1.353
444.0	61.0	6.339	0.651
456.0	8.0	-7.138	1.744
456.0	56.0	6.682	0.377
456.0	69.0	6.528	1.353
456.0	61.0	6.339	0.548
468.0	8.0	-7.175	1.748
468.0	56.0	6.682	0.377
468.0	69.0	6.528	1.353
468.0	61.0	6.339	0.48
480.0	61.0	6.339	0.428
480.0	57.0	6.682	0.377
480.0	70.0	6.528	1.353
492.0	61.0	6.476	0.377
492.0	57.0	6.682	0.377
492.0	70.0	6.528	1.353
504.0	61.0	6.579	0.377
504.0	57.0	6.665	0.377
504.0	70.0	6.528	1.319
516.0	61.0	6.579	0.377
516.0	57.0	6.665	0.428
516.0	70.0	6.528	1.319
528.0	61.0	6.579	0.377
528.0	57.0	6.682	0.514
528.0	70.0	6.528	1.319
540.0	61.0	6.613	0.377
540.0	57.0	6.716	0.583
540.0	70.0	6.528	1.319
552.0	61.0	6.613	0.377
552.0	57.0	6.75	0.617
552.0	70.0	6.528	1.319
564.0	61.0	6.648	0.377
564.0	57.0	6.75	0.617
564.0	70.0	6.528	1.319
576.0	57.0	6.75	0.617
576.0	70.0	6.528	1.319
576.0	62.0	6.648	0.377
588.0	57.0	6.75	0.617
588.0	70.0	6.528	1.319
588.0	62.0	6.682	0.411
600.0	57.0	6.75	0.565
600.0	70.0	6.528	1.319
600.0	62.0	6.682	0.428
612.0	57.0	6.75	0.565
612.0	70.0	6.528	1.319
612.0	62.0	6.682	0.428
624.0	57.0	6.75	0.565
624.0	70.0	6.528	1.319
624.0	62.0	6.716	0.428
636.0	57.0	6.75	0.565
636.0	70.0	6.528	1.319
636.0	62.0	6.75	0.428
648.0	57.0	6.75	0.514
648.0	70.0	6.528	1.319
648.0	62.0	6.75	0.428
660.0	57.0	6.75	0.514
660.0	70.0	6.528	1.319
660.0	62.0	6.785	0.428
672.0	57.0	6.75	0.514
672.0	70.0	6.528	1.285
672.0	62.0	6.785	0.445
684.0	57.0	6.75	0.514
684.0	70.0	6.528	1.285
684.0	62.0	6.785	0.445
696.0	57.0	6.75	0.463
696.0	70.0	6.528	1.285
696.0	62.0	6.836	0.445
708.0	57.0	6.75	0.463
708.0	70.0	6.528	1.285
708.0	62.0	6.836	0.48
720.0	62.0	6.836	0.48
720.0	58.0	6.75	0.463
720.0	71.0	6.528	1.285
732.0	62.0	6.87	0.48
732.0	58.0	6.75	0.463
732.0	71.0	6.528	1.285
744.0	62.0	6.87	0.48
744.0	58.0	6.75	0.394
744.0	71.0	6.528	1.285
756.0	62.0	6.887	0.514
756.0	58.0	6.75	0.394
756.0	71.0	6.528	1.285
768.0	62.0	6.887	0.514
768.0	58.0	6.75	0.394
768.0	71.0	6.528	1.285
780.0	62.0	6.922	0.514
780.0	58.0	6.75	0.394
780.0	71.0	6.528	1.285
792.0	62.0	6.922	0.514
792.0	58.0	6.75	0.36
792.0	71.0	6.528	1.285
804.0	62.0	6.922	0.548
804.0	58.0	6.75	0.36
804.0	71.0	6.528	1.285
816.0	58.0	6.75	0.36
816.0	71.0	6.528	1.285
816.0	63.0	6.99	0.548
828.0	58.0	6.75	0.36
828.0	71.0	6.528	1.285
828.0	63.0	6.99	0.548
840.0	58.0	6.75	0.291
840.0	71.0	6.528	1.268
840.0	63.0	6.99	0.565
852.0	58.0	6.75	0.291
852.0	71.0	6.528	1.268
852.0	63.0	7.024	0.565
852.0	59.0	20.028	-15.557
864.0	58.0	6.75	0.291
864.0	71.0	6.528	1.268
864.0	63.0	7.024	0.565
864.0	59.0	20.028	-15.248
876.0	58.0	6.75	0.291
876.0	71.0	6.528	1.268
876.0	63.0	7.059	0.565
876.0	59.0	20.028	-14.871
888.0	58.0	6.613	0.188
888.0	71.0	6.528	1.268
888.0	63.0	7.093	0.565
888.0	59.0	20.028	-14.546
900.0	58.0	6.493	0.086
900.0	71.0	6.528	1.268
900.0	63.0	7.093	0.583
900.0	59.0	19.994	-14.117
912.0	58.0	6.305	-0.086
912.0	71.0	6.528	1.268
912.0	63.0	7.093	0.583
912.0	59.0	19.994	-13.586
924.0	58.0	6.185	-0.343
924.0	71.0	6.528	1.268
924.0	63.0	7.11	0.617
924.0	59.0	19.994	-13.158
936.0	58.0	6.048	-0.565
936.0	71.0	6.528	1.268
936.0	63.0	7.11	0.617
936.0	59.0	19.994	-12.781
948.0	58.0	5.928	-0.771
948.0	71.0	6.528	1.268
948.0	63.0	7.144	0.617
948.0	59.0	19.994	-12.456
960.0	63.0	7.144	0.617
960.0	59.0	19.994	-12.096
960.0	72.0	6.528	1.268
972.0	63.0	7.179	0.617
972.0	59.0	19.994	-11.719
972.0	72.0	6.528	1.268
984.0	63.0	7.179	0.617
984.0	59.0	20.063	-11.291
984.0	72.0	6.528	1.268
996.0	63.0	7.179	0.617
996.0	59.0	20.063	-10.811
996.0	72.0	6.528	1.268
996.0	53.0	7.898	0.497
1008.0	63.0	7.179	0.685
1008.0	59.0	20.251	-10.605
1008.0	72.0	6.493	1.199
1008.0	53.0	7.556	0.497
1020.0	63.0	7.179	0.685
1020.0	59.0	20.302	-10.194
1020.0	72.0	6.493	1.199
1020.0	53.0	7.556	0.497
1032.0	63.0	7.179	0.685
1032.0	59.0	20.302	-9.817
1032.0	72.0	6.493	1.199
1032.0	53.0	7.556	0.497
1044.0	63.0	7.144	0.685
1044.0	59.0	20.302	-9.389
1044.0	72.0	6.493	1.182
1044.0	53.0	7.556	0.531
1056.0	59.0	20.302	-9.012
1056.0	72.0	6.493	1.182
1056.0	53.0	7.556	0.531
1056.0	64.0	7.11	0.685
1068.0	59.0	20.302	-8.703
1068.0	72.0	6.459	1.165
1068.0	53.0	7.487	0.531
1068.0	64.0	7.11	0.685
1080.0	59.0	20.302	-8.378
1080.0	72.0	6.459	1.131
1080.0	53.0	7.487	0.531
1080.0	64.0	7.093	0.685
1092.0	72.0	6.459	1.131
1092.0	53.0	7.487	0.6
1092.0	64.0	7.093	0.685
1104.0	72.0	6.459	1.131
1104.0	53.0	7.487	0.6
1104.0	64.0	7.024	0.685
1116.0	72.0	6.459	1.131
1116.0	53.0	7.436	0.6
1116.0	64.0	7.024	0.685
1128.0	72.0	6.425	1.079
1128.0	53.0	7.436	0.6
1128.0	64.0	7.024	0.685
1140.0	72.0	6.425	1.079
1140.0	53.0	7.436	0.634
1140.0	64.0	6.99	0.685
1152.0	72.0	6.425	1.079
1152.0	53.0	7.436	0.634
1152.0	64.0	6.956	0.685
1164.0	72.0	6.425	1.045
1164.0	53.0	7.436	0.634
1164.0	64.0	6.956	0.685
1176.0	72.0	6.425	1.045
1176.0	53.0	7.367	0.634
1176.0	64.0	6.922	0.685
1188.0	72.0	6.391	1.028
1188.0	53.0	7.367	0.634
1188.0	64.0	6.922	0.685
1200.0	53.0	7.367	0.6
1200.0	64.0	6.905	0.702
1200.0	73.0	6.391	0.994
1212.0	53.0	7.367	0.6
1212.0	64.0	6.87	0.702
1212.0	73.0	6.391	0.994
1224.0	53.0	7.367	0.6
1224.0	64.0	6.87	0.702
1224.0	73.0	6.391	0.994
1236.0	64.0	6.87	0.702
1236.0	73.0	6.391	0.977
1236.0	54.0	7.316	0.531
1248.0	64.0	6.802	0.702
1248.0	73.0	6.391	0.977
1248.0	54.0	7.316	0.531
1260.0	64.0	6.802	0.702
1260.0	73.0	6.356	0.942
1260.0	54.0	7.316	0.497
1272.0	64.0	6.802	0.702
1272.0	73.0	6.356	0.908
1272.0	54.0	7.316	0.497
1284.0	64.0	6.785	0.702
1284.0	73.0	6.356	0.908
1284.0	54.0	7.316	0.428
1296.0	73.0	6.356	0.908
1296.0	54.0	7.316	0.428
1296.0	65.0	6.75	0.702
1308.0	73.0	6.356	0.908
1308.0	54.0	7.316	0.428
1308.0	65.0	6.75	0.702
1320.0	73.0	6.305	0.754
1320.0	54.0	7.316	0.394
1320.0	65.0	6.716	0.702
1332.0	73.0	6.253	0.531
1332.0	54.0	7.316	0.394
1332.0	65.0	6.716	0.702
1344.0	73.0	6.185	0.377
1344.0	54.0	7.316	0.394
1344.0	65.0	6.682	0.702
1356.0	73.0	6.116	0.223
1356.0	54.0	7.247	0.326
1356.0	65.0	6.648	0.702
1368.0	73.0	5.996	0.017
1368.0	54.0	7.11	0.326
1368.0	65.0	6.648	0.702
1380.0	73.0	5.911	-0.206
1380.0	54.0	7.059	0.326
1380.0	65.0	6.648	0.737
1392.0	73.0	6.151	-0.583
1392.0	54.0	6.939	0.257
1392.0	65.0	6.459	0.617
1404.0	73.0	6.219	-0.634
1404.0	54.0	6.802	0.257
1404.0	65.0	6.339	0.514
1416.0	73.0	6.288	-0.737
1416.0	54.0	6.682	0.017
1416.0	65.0	6.202	0.394
1428.0	73.0	6.288	-0.959
1428.0	54.0	6.493	-0.223
1428.0	65.0	6.099	0.291
1440.0	54.0	6.391	-0.326
1440.0	65.0	5.962	0.188
1440.0	74.0	6.322	-1.114
1452.0	54.0	6.288	-0.428
1452.0	65.0	5.894	0.086
1452.0	74.0	6.322	-1.285
1464.0	54.0	6.151	-0.531
1464.0	65.0	6.099	0.034
1464.0	74.0	6.322	-1.319
1476.0	65.0	6.271	-0.051
1476.0	74.0	6.391	-1.388
1488.0	65.0	6.459	-0.103
1488.0	74.0	6.391	-1.388
1500.0	65.0	6.648	-0.154
1500.0	74.0	6.391	-1.388
1512.0	65.0	6.853	-0.291
1512.0	74.0	6.356	-1.439
1524.0	65.0	7.127	-0.394
1524.0	74.0	6.356	-1.439
1536.0	74.0	6.356	-1.439
1548.0	74.0	6.356	-1.439
1560.0	74.0	6.391	-1.439
1572.0	74.0	6.391	-1.439
1584.0	74.0	6.391	-1.439
1596.0	74.0	6.391	-1.439
1608.0	74.0	6.391	-1.439
1620.0	74.0	6.425	-1.439
1632.0	74.0	6.425	-1.439
1644.0	74.0	6.408	-1.439
1656.0	74.0	6.408	-1.439
1668.0	74.0	6.408	-1.439
1680.0	28.0	14.94	-12.575
1680.0	75.0	6.442	-1.439
1692.0	28.0	14.94	-12.575
1692.0	75.0	6.442	-1.439
1704.0	28.0	15.197	-12.473
1704.0	75.0	6.442	-1.456
1716.0	28.0	15.522	-12.404
1716.0	75.0	6.442	-1.456
1728.0	28.0	15.762	-12.301
1728.0	75.0	6.442	-1.456
1740.0	28.0	16.002	-12.199
1740.0	75.0	6.476	-1.456
1752.0	28.0	16.259	-12.027
1752.0	75.0	6.476	-1.456
1764.0	28.0	16.585	-11.65
1764.0	75.0	6.476	-1.456
1776.0	28.0	16.824	-11.342
1776.0	75.0	6.442	-1.456
1788.0	28.0	17.133	-10.965
1788.0	75.0	6.459	-1.456
1800.0	28.0	17.39	-10.691
1800.0	75.0	6.459	-1.456
1812.0	28.0	17.578	-10.485
1812.0	75.0	6.459	-1.456
1824.0	28.0	17.767	-10.211
1824.0	75.0	6.459	-1.456
1836.0	28.0	17.818	-9.8
1836.0	75.0	6.459	-1.456
1848.0	28.0	17.887	-9.423
1848.0	75.0	6.493	-1.456
1860.0	28.0	18.024	-8.995
1860.0	75.0	6.493	-1.456
1872.0	28.0	17.955	-8.618
1872.0	75.0	6.493	-1.456
1884.0	28.0	17.955	-8.189
1884.0	75.0	6.493	-1.456
1896.0	28.0	17.955	-7.761
1896.0	75.0	6.493	-1.456
1908.0	28.0	17.818	-7.333
1908.0	75.0	6.528	-1.456
1920.0	29.0	17.715	-6.853
1920.0	76.0	6.528	-1.456
1932.0	29.0	17.51	-6.373
1932.0	76.0	6.528	-1.456
1944.0	29.0	17.39	-5.945
1944.0	76.0	6.528	-1.456
1956.0	29.0	17.338	-5.62
1956.0	76.0	6.528	-1.456
1968.0	29.0	17.27	-5.311
1968.0	76.0	6.528	-1.456
1980.0	29.0	17.201	-4.986
1980.0	76.0	6.528	-1.456
1992.0	29.0	17.013	-4.626
1992.0	76.0	6.528	-1.456
2004.0	29.0	16.927	-4.249
2004.0	76.0	6.493	-1.456
2004.0	66.0	7.144	-1.491
2016.0	29.0	16.893	-3.872
2016.0	76.0	6.493	-1.456
2016.0	66.0	7.144	-1.491
2028.0	29.0	16.859	-3.461
2028.0	76.0	6.493	-1.456
2028.0	66.0	7.144	-1.491
2040.0	29.0	16.824	-3.084
2040.0	76.0	6.493	-1.456
2040.0	66.0	7.144	-1.491
2052.0	29.0	16.773	-2.673
2052.0	76.0	6.493	-1.456
2052.0	66.0	7.144	-1.491
2064.0	29.0	16.739	-2.296
2064.0	76.0	6.493	-1.456
2064.0	66.0	7.144	-1.491
2076.0	29.0	16.704	-1.919
2076.0	76.0	6.459	-1.456
2076.0	66.0	7.144	-1.491
2088.0	29.0	16.67	-1.525
2088.0	76.0	6.459	-1.456
2088.0	66.0	7.144	-1.491
2100.0	29.0	16.636	-1.148
2100.0	76.0	6.459	-1.456
2100.0	66.0	7.144	-1.491
2112.0	29.0	16.602	-0.72
2112.0	76.0	6.459	-1.456
2112.0	66.0	7.144	-1.491
2124.0	29.0	16.602	-0.394
2124.0	76.0	6.459	-1.456
2124.0	66.0	7.144	-1.491
2136.0	29.0	16.67	-0.017
2136.0	76.0	6.442	-1.456
2136.0	66.0	7.144	-1.491
2148.0	29.0	16.739	0.36
2148.0	76.0	6.442	-1.456
2148.0	66.0	7.144	-1.491
2160.0	66.0	7.144	-1.491
2160.0	30.0	16.859	0.72
2160.0	77.0	6.442	-1.456
2172.0	66.0	7.144	-1.491
2172.0	30.0	16.927	1.096
2172.0	77.0	6.442	-1.456
2184.0	66.0	7.144	-1.491
2184.0	30.0	16.927	1.473
2184.0	77.0	6.476	-1.456
2196.0	66.0	7.144	-1.491
2196.0	30.0	16.979	1.85
2196.0	77.0	6.476	-1.456
2208.0	66.0	7.144	-1.491
2208.0	30.0	17.047	2.227
2208.0	77.0	6.442	-1.456
2220.0	66.0	7.144	-1.491
2220.0	30.0	17.304	2.587
2220.0	77.0	6.442	-1.456
2232.0	66.0	7.144	-1.491
2232.0	30.0	17.613	2.861
2232.0	77.0	6.442	-1.456
2244.0	30.0	17.989	3.187
2244.0	77.0	6.442	-1.456
2244.0	67.0	7.144	-1.491
2256.0	30.0	18.366	3.444
2256.0	77.0	6.442	-1.456
2256.0	67.0	7.144	-1.491
2256.0	9.0	15.42	6.425
2268.0	30.0	18.675	3.718
2268.0	77.0	6.408	-1.422
2268.0	67.0	7.144	-1.491
2268.0	9.0	15.539	6.425
2280.0	30.0	18.863	3.923
2280.0	77.0	6.408	-1.422
2280.0	67.0	7.144	-1.491
2280.0	9.0	15.728	6.288
2292.0	30.0	19.086	4.198
2292.0	77.0	6.408	-1.422
2292.0	67.0	7.144	-1.491
2292.0	9.0	15.916	6.065
2304.0	30.0	19.326	4.403
2304.0	77.0	6.408	-1.422
2304.0	67.0	7.144	-1.491
2304.0	9.0	16.105	5.739
2316.0	30.0	19.531	4.574
2316.0	77.0	6.408	-1.422
2316.0	67.0	7.144	-1.491
2316.0	9.0	16.225	5.363
2328.0	30.0	19.771	4.626
2328.0	77.0	6.408	-1.422
2328.0	67.0	7.144	-1.491
2328.0	9.0	16.293	5.226
2340.0	30.0	20.011	4.677
2340.0	77.0	6.373	-1.422
2340.0	67.0	7.144	-1.491
2340.0	9.0	16.482	4.883
2352.0	30.0	20.148	4.626
2352.0	77.0	6.373	-1.422
2352.0	67.0	7.144	-1.491
2352.0	9.0	16.602	4.472
2364.0	30.0	20.217	4.626
2364.0	77.0	6.391	-1.422
2364.0	67.0	7.144	-1.491
2364.0	9.0	16.67	4.129
2376.0	30.0	20.217	4.626
2376.0	77.0	6.391	-1.422
2376.0	67.0	7.144	-1.491
2376.0	9.0	16.67	3.889
2388.0	30.0	20.217	4.677
2388.0	77.0	6.391	-1.422
2388.0	67.0	7.144	-1.491
2388.0	9.0	16.602	3.512
2400.0	67.0	7.144	-1.491
2400.0	9.0	16.602	3.289
2400.0	31.0	20.217	4.677
2412.0	67.0	7.144	-1.491
2412.0	9.0	16.67	3.17
2412.0	31.0	20.217	4.729
2424.0	67.0	7.144	-1.491
2424.0	9.0	16.67	2.861
2424.0	31.0	20.217	4.78
2436.0	67.0	7.144	-1.491
2436.0	9.0	16.602	2.073
2436.0	31.0	20.217	4.831
2448.0	67.0	7.144	-1.491
2448.0	9.0	16.602	1.525
2448.0	31.0	20.217	4.883
2460.0	67.0	7.144	-1.491
2460.0	9.0	16.602	1.216
2460.0	31.0	20.217	4.883
2472.0	67.0	7.144	-1.491
2472.0	9.0	16.602	0.84
2472.0	31.0	20.217	4.951
2484.0	9.0	16.55	0.463
2484.0	31.0	20.217	5.003
2496.0	31.0	20.251	5.054
2496.0	10.0	16.482	0.086
2508.0	31.0	20.182	5.037
2508.0	10.0	16.379	-0.257
2520.0	31.0	20.182	5.037
2520.0	10.0	16.293	-0.583
2532.0	31.0	20.182	5.037
2532.0	10.0	16.242	-0.925
2544.0	31.0	20.148	5.037
2544.0	10.0	16.242	-1.302
2556.0	31.0	20.148	5.037
2556.0	10.0	16.242	-1.73
2568.0	31.0	20.148	5.054
2568.0	10.0	16.242	-2.107
2580.0	31.0	20.114	5.054
2580.0	10.0	16.345	-2.484
2592.0	31.0	20.114	5.054
2592.0	10.0	16.413	-2.895
2604.0	31.0	20.08	5.054
2604.0	10.0	16.482	-3.221
2616.0	31.0	20.08	5.054
2616.0	10.0	16.55	-3.598
2628.0	31.0	20.08	5.088
2628.0	10.0	16.619	-3.975
2640.0	10.0	16.722	-4.3
2640.0	32.0	20.063	5.088
2652.0	10.0	16.79	-4.609
2652.0	32.0	20.063	5.088
2664.0	10.0	17.047	-4.934
2664.0	32.0	20.063	5.088
2676.0	10.0	17.304	-5.26
2676.0	32.0	20.028	5.088
2688.0	10.0	17.424	-5.568
2688.0	32.0	20.028	5.106
2700.0	10.0	17.544	-5.996
2700.0	32.0	20.028	5.106
2712.0	10.0	17.613	-6.373
2712.0	32.0	19.994	5.106
2724.0	10.0	17.75	-6.802
2724.0	32.0	19.994	5.106
2736.0	32.0	19.994	5.106
2736.0	11.0	17.784	-7.127
2748.0	32.0	19.96	5.106
2748.0	11.0	17.784	-7.453
2760.0	32.0	19.96	5.14
2760.0	11.0	17.784	-7.761
2772.0	32.0	19.96	5.14
2772.0	11.0	17.784	-8.087
2784.0	32.0	19.925	5.14
2784.0	11.0	17.784	-8.412
2796.0	32.0	19.925	5.14
2796.0	11.0	17.921	-8.823
2808.0	32.0	19.925	5.14
2808.0	11.0	18.058	-9.269
2820.0	32.0	19.925	5.157
2820.0	11.0	18.109	-9.749
2832.0	32.0	19.925	5.157
2832.0	11.0	18.109	-10.228
2844.0	32.0	19.924	5.155
2844.0	11.0	18.161	-10.588
2856.0	32.0	19.921	5.149
2856.0	11.0	18.161	-10.811
2868.0	32.0	19.918	5.144
2868.0	11.0	18.161	-11.085
2880.0	11.0	18.109	-11.342
2880.0	33.0	19.915	5.138
2892.0	11.0	18.058	-11.667
2892.0	33.0	19.912	5.133
2904.0	11.0	17.989	-12.096
2904.0	33.0	19.909	5.127
2916.0	11.0	17.989	-12.627
2916.0	33.0	19.906	5.121
2928.0	11.0	17.921	-13.004
2928.0	33.0	19.902	5.116
2940.0	11.0	17.921	-13.312
2940.0	33.0	19.899	5.11
2952.0	11.0	17.921	-13.638
2952.0	33.0	19.896	5.105
2964.0	11.0	17.921	-13.963
2964.0	33.0	19.893	5.099
2976.0	33.0	19.89	5.094
2988.0	33.0	19.887	5.088
3000.0	33.0	19.884	5.082
3000.0	15.0	6.185	-1.302
3012.0	33.0	19.881	5.076
3012.0	15.0	6.185	-1.302
3024.0	33.0	19.878	5.071
3024.0	15.0	6.185	-1.302
3036.0	33.0	19.875	5.065
3036.0	15.0	6.185	-1.302
3048.0	33.0	19.871	5.06
3048.0	15.0	6.185	-1.302
3060.0	33.0	19.868	5.054
3060.0	15.0	6.185	-1.302
3072.0	33.0	19.865	5.049
3072.0	15.0	6.185	-1.302
3084.0	33.0	19.862	5.043
3084.0	15.0	6.185	-1.302
3096.0	33.0	19.859	5.037
3096.0	15.0	6.185	-1.302
3108.0	33.0	19.856	5.032
3108.0	15.0	6.185	-1.302
3120.0	15.0	6.185	-1.302
3120.0	34.0	19.853	5.026
3132.0	15.0	6.185	-1.302
3132.0	34.0	19.85	5.021
3144.0	15.0	6.185	-1.302
3144.0	34.0	19.847	5.015
3156.0	15.0	6.185	-1.302
3156.0	34.0	19.844	5.009
3168.0	15.0	6.185	-1.302
3168.0	34.0	19.84	5.004
3180.0	15.0	6.185	-1.302
3180.0	34.0	19.771	4.951
3192.0	15.0	6.185	-1.302
3192.0	34.0	19.703	4.883
3204.0	15.0	6.185	-1.302
3204.0	34.0	19.634	4.883
3216.0	15.0	6.185	-1.302
3216.0	34.0	19.634	4.831
3228.0	15.0	6.185	-1.302
3228.0	34.0	19.583	4.78
3240.0	34.0	19.531	4.78
3240.0	16.0	6.185	-1.302
3252.0	34.0	19.463	4.729
3252.0	16.0	6.185	-1.302
3264.0	34.0	19.463	4.677
3264.0	16.0	6.185	-1.302
3276.0	34.0	19.394	4.677
3276.0	16.0	6.185	-1.302
3288.0	34.0	19.154	4.574
3288.0	16.0	6.185	-1.302
3300.0	34.0	18.88	4.403
3300.0	16.0	6.185	-1.302
3312.0	34.0	18.572	4.146
3312.0	16.0	6.185	-1.302
3324.0	34.0	18.332	3.769
3324.0	16.0	6.185	-1.302
3336.0	34.0	18.024	3.512
3336.0	16.0	6.185	-1.302
3348.0	34.0	17.647	3.135
3348.0	16.0	6.185	-1.302
3360.0	16.0	6.185	-1.302
3360.0	35.0	17.407	2.758
3372.0	16.0	6.185	-1.302
3372.0	35.0	17.133	2.433
3384.0	16.0	6.185	-1.302
3384.0	35.0	16.893	2.107
3396.0	16.0	6.185	-1.302
3396.0	35.0	16.653	1.73
3408.0	16.0	6.185	-1.302
3408.0	35.0	16.379	1.422
3420.0	16.0	6.185	-1.302
3420.0	35.0	16.139	1.096
3432.0	16.0	6.185	-1.302
3432.0	35.0	16.276	0.463
3444.0	16.0	6.185	-1.302
3444.0	35.0	16.276	0.188
3456.0	16.0	6.185	-1.302
3456.0	35.0	16.276	-0.12
3468.0	16.0	6.185	-1.302
3468.0	35.0	16.276	-0.668
3480.0	35.0	16.208	-1.045
3480.0	17.0	6.185	-1.302
3492.0	35.0	16.276	-1.456
3492.0	17.0	6.185	-1.302
3504.0	35.0	16.276	-2.056
3504.0	17.0	6.185	-1.353
3516.0	35.0	16.362	-2.536
3516.0	17.0	6.185	-1.353
3528.0	35.0	16.43	-2.998
3528.0	17.0	6.185	-1.353
3540.0	35.0	16.482	-3.478
3540.0	17.0	6.185	-1.353
3552.0	35.0	16.602	-3.684
3552.0	17.0	6.185	-1.353
3564.0	35.0	16.739	-3.855
3564.0	17.0	6.185	-1.353
3576.0	35.0	16.859	-4.198
3576.0	17.0	6.185	-1.353
3576.0	26.0	-2.313	6.356
3588.0	35.0	17.184	-4.643
3588.0	17.0	6.185	-1.353
3588.0	26.0	-2.364	6.356
3600.0	17.0	6.185	-1.388
3600.0	26.0	-2.433	6.408
3600.0	36.0	17.493	-4.849
3612.0	17.0	6.185	-1.388
3612.0	26.0	-2.176	6.151
3612.0	36.0	17.87	-5.123
3624.0	17.0	6.185	-1.388
3624.0	26.0	-1.867	5.928
3624.0	36.0	18.178	-5.431
3636.0	17.0	6.185	-1.388
3636.0	26.0	-1.559	5.671
3636.0	36.0	18.418	-5.671
3648.0	17.0	6.185	-1.388
3648.0	26.0	-1.182	5.397
3648.0	36.0	18.623	-5.877
3660.0	17.0	6.185	-1.388
3660.0	26.0	-0.737	5.123
3660.0	36.0	18.795	-6.185
3672.0	17.0	6.185	-1.388
3672.0	26.0	-0.497	4.917
3672.0	36.0	19.0	-6.493
3684.0	17.0	6.219	-1.439
3684.0	26.0	-0.24	4.712
3684.0	36.0	19.103	-7.247
3696.0	17.0	6.219	-1.439
3696.0	26.0	0.069	4.489
3696.0	36.0	19.24	-7.624
3696.0	38.0	16.516	-18.349
3708.0	17.0	6.219	-1.439
3708.0	26.0	0.394	4.283
3708.0	36.0	19.36	-7.624
3708.0	38.0	16.944	-18.332
3720.0	26.0	0.702	4.06
3720.0	36.0	19.429	-8.104
3720.0	38.0	17.201	-18.332
3720.0	18.0	6.219	-1.439
3732.0	26.0	1.011	3.855
3732.0	36.0	19.429	-8.755
3732.0	38.0	17.458	-18.332
3732.0	18.0	6.219	-1.439
3744.0	26.0	1.319	3.632
3744.0	36.0	19.206	-9.372
3744.0	38.0	17.767	-18.092
3744.0	18.0	6.219	-1.439
3756.0	26.0	1.645	3.375
3756.0	36.0	19.086	-9.68
3756.0	38.0	17.972	-17.801
3756.0	18.0	6.219	-1.439
3768.0	26.0	2.022	3.204
3768.0	36.0	19.086	-9.954
3768.0	38.0	18.109	-17.493
3768.0	18.0	6.253	-1.473
3780.0	26.0	2.399	3.101
3780.0	36.0	19.086	-10.331
3780.0	38.0	18.298	-17.218
3780.0	18.0	6.253	-1.473
3792.0	26.0	2.776	2.947
3792.0	36.0	19.017	-10.759
3792.0	38.0	18.418	-16.91
3792.0	18.0	6.253	-1.473
3804.0	26.0	3.015	2.776
3804.0	36.0	18.897	-11.119
3804.0	38.0	18.675	-16.533
3804.0	18.0	6.253	-1.473
3816.0	36.0	18.521	-11.445
3816.0	38.0	19.052	-16.362
3816.0	18.0	6.253	-1.473
3816.0	27.0	3.204	2.621
3828.0	36.0	18.144	-11.77
3828.0	38.0	19.309	-16.088
3828.0	18.0	6.253	-1.473
3828.0	27.0	3.461	2.467
3840.0	38.0	19.514	-15.814
3840.0	18.0	6.253	-1.473
3840.0	27.0	3.769	2.296
3840.0	37.0	17.767	-11.873
3852.0	38.0	19.651	-15.574
3852.0	18.0	6.253	-1.473
3852.0	27.0	4.146	2.09
3852.0	37.0	17.458	-11.924
3864.0	38.0	19.806	-15.334
3864.0	18.0	6.288	-1.508
3864.0	27.0	4.523	1.867
3864.0	37.0	17.15	-11.924
3876.0	38.0	19.96	-15.094
3876.0	18.0	6.288	-1.508
3876.0	27.0	4.9	1.662
3876.0	37.0	16.773	-11.976
3888.0	38.0	20.114	-14.854
3888.0	18.0	6.288	-1.508
3888.0	27.0	5.277	1.388
3888.0	37.0	16.447	-12.13
3900.0	38.0	20.182	-14.477
3900.0	18.0	6.288	-1.508
3900.0	27.0	5.585	1.234
3900.0	37.0	16.105	-12.233
3912.0	38.0	20.217	-14.135
3912.0	18.0	6.288	-1.508
3912.0	27.0	5.894	1.028
3912.0	37.0	15.796	-12.336
3924.0	38.0	20.217	-13.792
3924.0	18.0	6.288	-1.508
3924.0	27.0	6.219	0.805
3924.0	37.0	15.488	-12.438
3936.0	18.0	6.288	-1.508
3936.0	27.0	6.528	0.702
3936.0	37.0	15.163	-12.49
3936.0	39.0	20.251	-13.484
3948.0	18.0	6.288	-1.542
3948.0	27.0	6.836	0.48
3948.0	37.0	14.923	-12.438
3948.0	39.0	20.285	-13.158
3960.0	27.0	7.144	0.274
3960.0	37.0	14.734	-12.37
3960.0	39.0	20.302	-12.832
3972.0	27.0	7.401	0.0
3972.0	37.0	14.666	-12.37
3972.0	39.0	20.337	-12.49
3984.0	27.0	7.778	0.0
3984.0	37.0	14.546	-12.49
3984.0	39.0	20.302	-12.25
3996.0	27.0	8.035	-0.257
3996.0	37.0	14.477	-12.541
3996.0	39.0	20.285	-11.993
4008.0	27.0	8.275	-0.531
4008.0	37.0	14.614	-12.438
4008.0	39.0	20.217	-11.667
4020.0	27.0	8.601	-0.685
4020.0	37.0	14.666	-12.37
4020.0	39.0	20.182	-11.342
4032.0	27.0	8.909	-0.874
4032.0	37.0	14.666	-12.37
4032.0	39.0	20.08	-11.016
4044.0	27.0	9.183	-1.045
4044.0	37.0	14.666	-12.37
4044.0	39.0	20.08	-10.742
4056.0	37.0	14.666	-12.37
4056.0	39.0	20.08	-10.485
4068.0	37.0	14.666	-12.37
4068.0	39.0	20.08	-10.228
4080.0	39.0	20.08	-9.954
4092.0	39.0	20.08	-9.646
4104.0	39.0	20.08	-9.269
4116.0	39.0	20.028	-8.926
4128.0	39.0	19.96	-8.618
4140.0	39.0	19.96	-8.309
4152.0	39.0	19.96	-7.967
4164.0	39.0	19.96	-7.658
5496.0	3.0	6.339	-1.473
5508.0	3.0	6.339	-1.473
5520.0	3.0	6.339	-1.473
5532.0	3.0	6.339	-1.473
5544.0	3.0	6.339	-1.473
5556.0	3.0	6.339	-1.473
5568.0	3.0	6.339	-1.473
5580.0	3.0	6.339	-1.473
5592.0	3.0	6.339	-1.473
5592.0	1.0	19.994	-4.797
5604.0	3.0	6.339	-1.473
5604.0	1.0	20.028	-5.106
5616.0	3.0	6.339	-1.473
5616.0	1.0	19.823	-5.517
5628.0	3.0	6.339	-1.473
5628.0	1.0	19.686	-5.928
5640.0	3.0	6.339	-1.473
5640.0	1.0	19.617	-6.116
5652.0	3.0	6.339	-1.473
5652.0	1.0	19.497	-6.699
5664.0	3.0	6.339	-1.473
5664.0	1.0	19.36	-7.281
5676.0	3.0	6.339	-1.473
5676.0	1.0	19.24	-7.83
5688.0	3.0	6.339	-1.473
5688.0	1.0	19.172	-8.087
5700.0	3.0	6.339	-1.473
5700.0	1.0	19.103	-8.378
5712.0	3.0	6.339	-1.473
5712.0	1.0	19.052	-8.806
5724.0	3.0	6.339	-1.473
5724.0	1.0	19.0	-9.235
5736.0	1.0	18.675	-9.714
5736.0	4.0	6.339	-1.473
5748.0	1.0	18.418	-9.971
5748.0	4.0	6.339	-1.473
5760.0	1.0	18.212	-10.228
5760.0	4.0	6.339	-1.473
5772.0	1.0	17.955	-10.485
5772.0	4.0	6.339	-1.473
5784.0	1.0	17.732	-10.742
5784.0	4.0	6.339	-1.473
5796.0	1.0	17.493	-11.016
5796.0	4.0	6.339	-1.473
5808.0	1.0	17.236	-11.256
5808.0	4.0	6.339	-1.473
5820.0	1.0	17.013	-11.496
5820.0	4.0	6.339	-1.473
5832.0	4.0	6.339	-1.473
5844.0	4.0	6.339	-1.473
5856.0	4.0	6.339	-1.473
5868.0	4.0	6.339	-1.473
5880.0	4.0	6.339	-1.473
5892.0	4.0	6.339	-1.473
5904.0	4.0	6.339	-1.473
5916.0	4.0	6.339	-1.473
5928.0	4.0	6.339	-1.473
5940.0	4.0	6.339	-1.473
5952.0	4.0	6.339	-1.473
5964.0	4.0	6.339	-1.473
5976.0	5.0	6.339	-1.473
5988.0	5.0	6.339	-1.473
6000.0	5.0	6.339	-1.473
6012.0	5.0	6.271	-1.491
6024.0	5.0	6.271	-1.491
6036.0	5.0	6.271	-1.491
6048.0	5.0	6.271	-1.491
6060.0	5.0	6.271	-1.491
6072.0	5.0	6.271	-1.491
6084.0	5.0	6.271	-1.491
6096.0	5.0	6.271	-1.491
6108.0	5.0	6.271	-1.491
6120.0	5.0	6.271	-1.491
6132.0	5.0	6.271	-1.491
6144.0	5.0	6.271	-1.491
6156.0	5.0	6.271	-1.491
6168.0	5.0	6.271	-1.491
6180.0	5.0	6.271	-1.491
6192.0	5.0	6.271	-1.491
6204.0	5.0	6.271	-1.491
6216.0	6.0	6.271	-1.491
6228.0	6.0	6.271	-1.491
6240.0	6.0	6.271	-1.491
6252.0	6.0	6.271	-1.491
6264.0	6.0	6.271	-1.491
6276.0	6.0	6.219	-1.525
6288.0	6.0	6.219	-1.525
6300.0	6.0	6.219	-1.525
6312.0	6.0	6.219	-1.525
6324.0	6.0	6.219	-1.525
6336.0	6.0	6.219	-1.525
6348.0	6.0	6.219	-1.525
6360.0	6.0	6.219	-1.525
6372.0	6.0	6.219	-1.525
6384.0	6.0	6.219	-1.525
6396.0	6.0	6.219	-1.525
6408.0	6.0	6.219	-1.525
6420.0	6.0	6.219	-1.525
6432.0	6.0	6.219	-1.525
6444.0	6.0	6.219	-1.525
6816.0	13.0	-23.866	4.215
6828.0	13.0	-23.78	4.283
6840.0	13.0	-23.54	4.215
6852.0	13.0	-23.352	4.112
6864.0	13.0	-22.787	3.906
6876.0	13.0	-22.41	3.906
6888.0	13.0	-22.033	3.803
6900.0	13.0	-21.587	3.735
6912.0	13.0	-21.159	3.632
6924.0	13.0	-20.731	3.598
6936.0	13.0	-20.285	3.461
6948.0	13.0	-19.84	3.358
6960.0	13.0	-19.394	3.324
6972.0	13.0	-19.017	3.221
6984.0	13.0	-18.589	3.152
6996.0	13.0	-18.161	3.05
7008.0	13.0	-17.681	2.964
7020.0	13.0	-17.218	2.878
7032.0	13.0	-16.704	2.81
7044.0	13.0	-16.242	2.707
7056.0	14.0	-15.762	2.621
7068.0	14.0	-15.317	2.536
7080.0	14.0	-14.837	2.45
7092.0	14.0	-14.392	2.416
7104.0	14.0	-14.135	2.519
7116.0	14.0	-13.963	2.69
7128.0	14.0	-13.586	2.621
7140.0	14.0	-13.209	2.45
7152.0	14.0	-12.901	2.519
7164.0	14.0	-12.524	2.621
7176.0	14.0	-12.147	2.724
7188.0	14.0	-11.77	2.793
7200.0	14.0	-11.393	2.827
7212.0	14.0	-10.948	2.895
7224.0	14.0	-10.502	2.93
7236.0	14.0	-10.023	2.93
7248.0	14.0	-9.509	2.827
7260.0	14.0	-8.943	2.758
7272.0	14.0	-8.892	2.656
7284.0	14.0	-8.823	2.536
7308.0	40.0	6.185	-1.405
7320.0	40.0	6.373	-1.508
7332.0	40.0	6.116	-1.576
7344.0	40.0	6.116	-1.353
7356.0	40.0	6.185	-1.148
7368.0	40.0	6.185	-0.925
7380.0	40.0	6.116	-0.72
7392.0	40.0	5.928	-0.445
7404.0	40.0	5.808	-0.24
