60.0	15.0	17.642	-21.038
60.0	39.0	17.941	12.503
72.0	15.0	17.711	-20.372
72.0	39.0	17.941	12.503
72.0	30.0	14.752	22.942
72.0	31.0	13.169	20.74
72.0	32.0	13.283	22.185
72.0	55.0	20.212	18.331
72.0	57.0	20.579	16.633
72.0	67.0	14.522	21.52
84.0	15.0	17.872	-19.524
84.0	39.0	17.986	12.503
84.0	30.0	15.165	22.942
84.0	31.0	13.582	20.74
84.0	32.0	13.696	22.185
84.0	55.0	19.868	18.331
84.0	57.0	20.235	16.633
84.0	67.0	14.935	21.52
84.0	63.0	14.155	15.784
96.0	15.0	18.055	-18.514
96.0	39.0	18.032	12.503
96.0	30.0	15.578	22.85
96.0	31.0	13.995	20.74
96.0	32.0	14.109	22.185
96.0	55.0	19.547	18.331
96.0	57.0	19.914	16.633
96.0	67.0	15.348	21.428
96.0	63.0	14.155	16.289
96.0	6.0	-4.336	36.959
108.0	15.0	18.124	-17.665
108.0	39.0	18.078	12.503
108.0	30.0	16.036	22.85
108.0	31.0	14.385	20.74
108.0	32.0	14.522	22.185
108.0	55.0	19.225	18.239
108.0	57.0	19.684	16.449
108.0	67.0	15.761	21.336
108.0	63.0	14.155	16.793
108.0	6.0	-4.955	36.042
108.0	41.0	-1.124	35.881
120.0	15.0	18.285	-16.839
120.0	39.0	18.124	12.503
120.0	30.0	16.449	22.69
120.0	31.0	14.798	20.74
120.0	32.0	14.935	22.024
120.0	55.0	18.904	18.147
120.0	57.0	19.363	16.449
120.0	67.0	16.151	21.267
120.0	63.0	14.155	17.206
120.0	6.0	-5.368	36.042
120.0	41.0	-1.629	35.881
120.0	24.0	-18.308	22.69
120.0	27.0	-18.17	24.043
120.0	48.0	4.221	30.673
120.0	49.0	-5.988	18.491
120.0	68.0	-17.78	24.777
132.0	15.0	18.445	-15.991
132.0	39.0	18.17	12.503
132.0	30.0	16.862	22.69
132.0	31.0	15.211	20.74
132.0	32.0	15.348	22.024
132.0	55.0	18.583	18.055
132.0	57.0	19.088	16.312
132.0	67.0	16.495	21.175
132.0	63.0	14.155	17.642
132.0	6.0	-5.69	35.881
132.0	41.0	-1.904	36.042
132.0	24.0	-18.032	22.529
132.0	27.0	-17.918	23.86
132.0	48.0	4.038	29.825
132.0	49.0	-5.644	18.147
132.0	68.0	-17.551	24.777
144.0	15.0	18.445	-15.646
144.0	39.0	18.216	12.503
144.0	30.0	17.275	22.598
144.0	31.0	15.623	20.74
144.0	32.0	15.761	22.024
144.0	55.0	18.239	18.055
144.0	57.0	18.767	16.312
144.0	67.0	16.885	21.084
144.0	63.0	14.155	18.078
144.0	6.0	-6.011	35.881
144.0	41.0	-2.225	36.042
144.0	24.0	-17.711	22.345
144.0	27.0	-17.688	23.699
144.0	48.0	3.969	29.159
144.0	49.0	-5.231	17.986
144.0	68.0	-17.321	24.777
144.0	21.0	-26.934	23.791
156.0	15.0	18.445	-15.142
156.0	39.0	18.239	12.503
156.0	30.0	17.688	22.598
156.0	31.0	16.036	20.74
156.0	32.0	16.174	22.024
156.0	55.0	17.918	18.055
156.0	57.0	18.445	16.312
156.0	67.0	17.298	21.084
156.0	63.0	14.155	18.583
156.0	6.0	-6.263	35.721
156.0	41.0	-2.363	36.042
156.0	24.0	-17.482	22.345
156.0	27.0	-17.413	23.538
156.0	48.0	3.808	28.31
156.0	49.0	-4.91	17.803
156.0	68.0	-17.046	24.777
156.0	21.0	-26.337	23.791
168.0	15.0	18.514	-14.637
168.0	39.0	18.239	12.503
168.0	30.0	18.147	22.437
168.0	31.0	16.541	20.602
168.0	32.0	16.633	21.841
168.0	55.0	17.505	17.895
168.0	57.0	18.124	16.128
168.0	67.0	17.803	20.923
168.0	63.0	14.155	19.225
168.0	6.0	-6.263	35.721
168.0	41.0	-2.363	36.042
168.0	24.0	-17.161	22.185
168.0	27.0	-17.138	23.538
168.0	48.0	3.717	27.645
168.0	49.0	-4.497	17.642
168.0	68.0	-16.816	24.777
168.0	21.0	-25.787	23.699
180.0	15.0	18.514	-14.316
180.0	39.0	18.331	12.343
180.0	30.0	18.652	22.437
180.0	31.0	17.023	20.602
180.0	32.0	17.138	21.841
180.0	55.0	17.115	17.895
180.0	57.0	17.711	16.128
180.0	67.0	18.376	20.762
180.0	63.0	14.155	19.914
180.0	6.0	-6.332	35.721
180.0	41.0	-2.363	36.042
180.0	24.0	-16.816	22.185
180.0	27.0	-16.908	23.355
180.0	48.0	3.625	26.819
180.0	49.0	-4.015	17.642
180.0	68.0	-16.587	24.777
180.0	21.0	-25.282	23.607
180.0	53.0	13.926	34.436
192.0	15.0	18.606	-13.811
192.0	39.0	18.331	12.343
192.0	30.0	19.157	22.437
192.0	31.0	17.596	20.602
192.0	32.0	17.642	21.68
192.0	55.0	16.702	17.895
192.0	57.0	17.39	15.945
192.0	67.0	18.858	20.579
192.0	63.0	14.316	20.097
192.0	6.0	-6.332	35.721
192.0	41.0	-2.455	36.042
192.0	24.0	-16.564	22.024
192.0	27.0	-16.633	23.194
192.0	48.0	3.487	26.131
192.0	49.0	-3.441	17.642
192.0	68.0	-16.312	24.64
192.0	21.0	-24.731	23.447
192.0	53.0	14.063	34.803
204.0	15.0	18.606	-13.306
204.0	39.0	18.331	12.343
204.0	30.0	19.638	22.277
204.0	31.0	18.078	20.418
204.0	32.0	18.101	21.68
204.0	55.0	16.289	17.895
204.0	57.0	16.977	15.945
204.0	67.0	19.432	20.418
204.0	63.0	14.476	20.418
204.0	6.0	-6.424	35.721
204.0	41.0	-2.455	36.042
204.0	24.0	-16.243	22.024
204.0	27.0	-16.266	23.194
204.0	48.0	3.395	25.466
204.0	49.0	-2.96	17.642
204.0	68.0	-15.899	24.64
204.0	21.0	-24.135	23.447
204.0	53.0	14.339	35.308
216.0	15.0	18.698	-12.962
216.0	39.0	18.331	12.343
216.0	30.0	20.12	22.277
216.0	31.0	18.652	20.418
216.0	32.0	18.606	21.52
216.0	55.0	15.876	17.895
216.0	57.0	16.656	15.807
216.0	67.0	20.005	20.418
216.0	63.0	14.729	20.74
216.0	6.0	-6.424	35.721
216.0	41.0	-2.455	36.042
216.0	24.0	-15.83	22.024
216.0	27.0	-15.899	23.194
216.0	48.0	3.304	24.961
216.0	49.0	-2.363	17.803
216.0	68.0	-15.578	24.64
216.0	21.0	-23.607	23.447
216.0	53.0	14.568	35.812
216.0	45.0	7.823	39.254
228.0	15.0	18.698	-12.457
228.0	39.0	18.331	12.343
228.0	30.0	20.625	22.277
228.0	31.0	19.157	20.418
228.0	32.0	19.111	21.52
228.0	55.0	15.463	17.895
228.0	57.0	16.243	15.807
228.0	67.0	20.487	20.258
228.0	63.0	14.889	21.107
228.0	6.0	-6.516	35.721
228.0	41.0	-2.547	36.042
228.0	24.0	-15.509	22.024
228.0	27.0	-15.578	23.194
228.0	48.0	3.235	24.456
228.0	49.0	-1.881	17.803
228.0	68.0	-15.256	24.456
228.0	21.0	-23.08	23.447
228.0	53.0	14.798	36.134
228.0	45.0	7.41	38.749
228.0	12.0	-31.178	21.244
228.0	50.0	-31.545	20.808
240.0	15.0	18.789	-11.953
240.0	39.0	18.331	12.343
240.0	30.0	21.175	22.277
240.0	31.0	19.638	20.235
240.0	32.0	19.615	21.52
240.0	55.0	15.142	17.734
240.0	57.0	15.922	15.623
240.0	67.0	20.992	20.258
240.0	63.0	15.142	21.428
240.0	6.0	-6.516	35.721
240.0	41.0	-2.547	36.042
240.0	24.0	-15.188	21.841
240.0	27.0	-15.256	23.034
240.0	48.0	3.143	23.951
240.0	49.0	-1.308	17.803
240.0	68.0	-14.843	24.456
240.0	21.0	-22.506	23.286
240.0	53.0	15.073	36.638
240.0	45.0	6.997	38.244
240.0	12.0	-31.178	21.244
240.0	50.0	-31.201	20.074
252.0	15.0	18.789	-11.609
252.0	39.0	18.331	12.343
252.0	30.0	21.772	22.277
252.0	31.0	20.028	20.235
252.0	32.0	19.982	21.52
252.0	55.0	14.82	17.734
252.0	57.0	15.509	15.623
252.0	67.0	21.474	20.258
252.0	63.0	15.302	21.611
252.0	6.0	-6.516	35.721
252.0	41.0	-2.547	35.881
252.0	24.0	-14.866	21.841
252.0	27.0	-14.843	23.034
252.0	48.0	3.074	23.447
252.0	49.0	-0.826	17.986
252.0	68.0	-14.522	24.273
252.0	21.0	-21.978	23.286
252.0	53.0	15.302	37.143
252.0	45.0	6.584	37.739
252.0	12.0	-30.444	21.428
252.0	50.0	-30.742	20.074
264.0	15.0	18.789	-10.943
264.0	39.0	18.331	12.343
264.0	30.0	22.254	22.277
264.0	31.0	20.441	20.235
264.0	32.0	20.487	21.52
264.0	55.0	14.476	17.734
264.0	57.0	15.188	15.623
264.0	67.0	21.978	20.258
264.0	63.0	15.463	21.932
264.0	6.0	-6.584	35.721
264.0	41.0	-2.547	35.881
264.0	24.0	-14.545	21.841
264.0	27.0	-14.522	23.034
264.0	48.0	2.982	22.942
264.0	49.0	-0.413	17.986
264.0	68.0	-14.201	24.273
264.0	21.0	-21.382	23.286
264.0	53.0	15.532	37.464
264.0	45.0	6.355	37.395
264.0	12.0	-29.71	21.611
264.0	50.0	-30.237	20.074
276.0	15.0	18.789	-10.026
276.0	39.0	18.399	12.343
276.0	30.0	22.827	22.277
276.0	31.0	20.854	20.235
276.0	32.0	20.9	21.52
276.0	55.0	14.155	17.734
276.0	57.0	14.866	15.623
276.0	67.0	22.46	20.258
276.0	63.0	15.623	22.437
276.0	6.0	-6.584	35.721
276.0	41.0	-2.638	35.881
276.0	24.0	-14.132	21.841
276.0	27.0	-14.201	23.034
276.0	48.0	2.891	22.437
276.0	49.0	0.069	18.078
276.0	68.0	-13.788	24.135
276.0	21.0	-20.831	23.286
276.0	53.0	15.807	37.969
276.0	45.0	6.08	37.051
276.0	12.0	-29.389	21.611
276.0	50.0	-29.664	20.074
276.0	59.0	25.534	17.941
276.0	61.0	4.657	-19.34
288.0	15.0	18.698	-9.177
288.0	39.0	18.399	12.343
288.0	30.0	23.332	22.277
288.0	31.0	21.267	20.235
288.0	32.0	21.405	21.52
288.0	55.0	13.811	17.734
288.0	57.0	14.522	15.623
288.0	67.0	22.942	20.258
288.0	63.0	15.784	22.942
288.0	6.0	-6.676	35.721
288.0	41.0	-2.638	35.881
288.0	24.0	-13.788	21.68
288.0	27.0	-13.788	22.85
288.0	48.0	2.822	21.932
288.0	49.0	0.482	18.078
288.0	68.0	-13.467	24.135
288.0	21.0	-20.327	23.103
288.0	53.0	16.036	38.474
288.0	45.0	5.85	36.73
288.0	12.0	-29.067	21.428
288.0	50.0	-29.182	19.914
288.0	59.0	24.869	16.977
288.0	61.0	4.336	-19.845
300.0	30.0	23.791	22.093
300.0	31.0	21.772	20.097
300.0	32.0	21.887	21.336
300.0	55.0	13.536	17.734
300.0	57.0	14.132	15.623
300.0	67.0	23.447	20.258
300.0	63.0	15.968	23.263
300.0	6.0	-6.676	35.721
300.0	41.0	-2.638	35.881
300.0	24.0	-13.444	21.68
300.0	27.0	-13.467	22.85
300.0	48.0	2.822	21.588
300.0	49.0	0.734	17.895
300.0	68.0	-13.054	24.135
300.0	21.0	-19.776	23.103
300.0	53.0	16.266	38.841
300.0	45.0	5.598	36.386
300.0	12.0	-28.723	21.244
300.0	50.0	-28.677	19.914
300.0	59.0	24.387	16.793
300.0	61.0	4.107	-20.212
300.0	16.0	18.606	-8.511
300.0	40.0	18.399	12.343
312.0	63.0	16.036	23.768
312.0	6.0	-6.745	35.721
312.0	41.0	-2.684	35.881
312.0	24.0	-13.123	21.68
312.0	27.0	-13.146	22.85
312.0	48.0	2.661	20.923
312.0	49.0	0.987	17.574
312.0	68.0	-12.733	23.951
312.0	21.0	-19.179	23.103
312.0	53.0	16.541	39.345
312.0	45.0	5.345	36.042
312.0	12.0	-28.379	21.107
312.0	50.0	-28.173	19.914
312.0	59.0	23.814	16.472
312.0	61.0	3.762	-20.717
312.0	16.0	18.606	-8.007
312.0	40.0	18.399	12.343
312.0	56.0	13.215	17.734
312.0	58.0	13.765	15.623
324.0	6.0	-6.745	35.721
324.0	41.0	-2.684	35.881
324.0	24.0	-12.802	21.68
324.0	27.0	-12.825	22.85
324.0	48.0	2.501	20.258
324.0	49.0	1.216	17.206
324.0	68.0	-12.412	23.951
324.0	21.0	-18.629	23.103
324.0	53.0	16.771	39.85
324.0	45.0	5.024	35.721
324.0	12.0	-27.989	21.107
324.0	50.0	-27.714	19.914
324.0	59.0	23.309	16.289
324.0	61.0	3.51	-20.946
324.0	16.0	18.606	-7.318
324.0	40.0	18.399	12.343
324.0	56.0	12.802	17.551
324.0	58.0	13.375	15.44
324.0	64.0	16.197	24.135
336.0	41.0	-2.684	35.881
336.0	24.0	-12.389	21.52
336.0	27.0	-12.412	22.69
336.0	48.0	2.34	19.569
336.0	49.0	1.629	17.206
336.0	68.0	-11.999	23.768
336.0	21.0	-18.124	23.103
336.0	53.0	17.0	40.171
336.0	45.0	4.703	35.216
336.0	12.0	-27.645	20.923
336.0	50.0	-27.209	19.914
336.0	59.0	22.827	16.289
336.0	61.0	3.189	-21.29
336.0	16.0	18.606	-6.814
336.0	40.0	18.399	12.343
336.0	56.0	12.389	17.551
336.0	58.0	12.985	15.44
336.0	64.0	16.289	24.456
336.0	7.0	-6.676	35.721
348.0	24.0	-12.067	21.52
348.0	27.0	-12.09	22.69
348.0	48.0	2.157	19.065
348.0	49.0	2.042	17.069
348.0	68.0	-11.677	23.768
348.0	21.0	-17.574	23.103
348.0	53.0	17.275	40.676
348.0	45.0	4.382	34.711
348.0	12.0	-27.324	20.74
348.0	50.0	-26.704	19.753
348.0	59.0	22.345	16.289
348.0	61.0	2.868	-21.634
348.0	16.0	18.606	-6.309
348.0	40.0	18.399	12.343
348.0	56.0	11.976	17.39
348.0	58.0	12.572	15.44
348.0	64.0	16.358	24.777
348.0	7.0	-6.424	35.721
348.0	42.0	-2.684	35.721
360.0	21.0	-16.977	23.103
360.0	53.0	17.505	41.181
360.0	45.0	4.061	34.367
360.0	12.0	-27.003	20.74
360.0	50.0	-26.154	19.753
360.0	59.0	21.772	16.289
360.0	61.0	2.961	-21.503
360.0	16.0	18.606	-5.804
360.0	40.0	18.399	12.343
360.0	56.0	11.563	17.229
360.0	58.0	12.159	15.302
360.0	64.0	16.449	25.144
360.0	7.0	-6.194	35.721
360.0	42.0	-2.638	35.537
360.0	25.0	-11.655	21.52
360.0	28.0	-11.677	22.69
360.0	62.0	12.457	-2.592
360.0	69.0	-11.264	23.63
372.0	21.0	-16.472	23.103
372.0	53.0	17.734	41.502
372.0	45.0	3.877	33.702
372.0	12.0	-26.177	20.74
372.0	50.0	-25.649	19.753
372.0	59.0	21.267	16.289
372.0	61.0	3.072	-21.346
372.0	16.0	18.606	-5.139
372.0	40.0	18.399	12.343
372.0	56.0	11.15	17.229
372.0	58.0	11.746	15.302
372.0	64.0	16.518	25.466
372.0	7.0	-5.942	35.721
372.0	42.0	-2.455	35.537
372.0	25.0	-11.287	21.336
372.0	28.0	-11.356	22.529
372.0	62.0	12.32	-3.281
372.0	69.0	-10.943	23.63
384.0	53.0	18.009	42.007
384.0	45.0	3.785	33.197
384.0	12.0	-25.328	20.74
384.0	50.0	-25.144	19.753
384.0	59.0	20.785	16.197
384.0	61.0	3.184	-21.188
384.0	16.0	18.606	-4.634
384.0	40.0	18.399	12.182
384.0	56.0	10.691	17.046
384.0	58.0	11.333	15.119
384.0	64.0	16.61	25.787
384.0	7.0	-6.103	35.721
384.0	42.0	-2.363	35.376
384.0	25.0	-10.92	21.336
384.0	28.0	-10.943	22.529
384.0	62.0	12.228	-3.969
384.0	69.0	-10.53	23.63
384.0	22.0	-16.013	22.942
396.0	53.0	18.239	42.511
396.0	45.0	3.717	32.509
396.0	12.0	-24.938	20.74
396.0	50.0	-24.915	19.569
396.0	59.0	20.212	16.059
396.0	61.0	3.296	-21.03
396.0	16.0	18.606	-4.13
396.0	40.0	18.331	11.838
396.0	56.0	10.278	16.885
396.0	58.0	10.92	15.119
396.0	64.0	16.61	25.97
396.0	7.0	-6.837	35.216
396.0	42.0	-2.638	35.216
396.0	25.0	-10.553	21.336
396.0	28.0	-10.599	22.529
396.0	62.0	12.159	-4.474
396.0	69.0	-10.209	23.447
396.0	22.0	-15.738	22.781
408.0	53.0	18.468	43.016
408.0	45.0	3.464	32.004
408.0	12.0	-25.259	20.418
408.0	50.0	-25.144	19.248
408.0	59.0	19.547	15.876
408.0	61.0	3.407	-20.873
408.0	16.0	18.606	-3.625
408.0	40.0	18.239	11.677
408.0	56.0	9.865	16.885
408.0	58.0	10.507	15.119
408.0	64.0	16.61	25.97
408.0	7.0	-7.617	34.803
408.0	42.0	-3.281	35.032
408.0	25.0	-10.14	21.175
408.0	28.0	-10.255	22.345
408.0	62.0	12.067	-4.978
408.0	69.0	-9.842	23.447
408.0	22.0	-15.509	22.437
420.0	45.0	3.051	31.683
420.0	12.0	-24.984	20.097
420.0	50.0	-25.007	19.065
420.0	59.0	18.973	15.876
420.0	61.0	3.519	-20.715
420.0	16.0	18.606	-2.96
420.0	40.0	18.17	11.333
420.0	56.0	9.452	16.725
420.0	58.0	10.094	14.935
420.0	64.0	16.518	25.97
420.0	7.0	-7.708	34.803
420.0	42.0	-3.923	34.872
420.0	25.0	-9.819	21.175
420.0	28.0	-9.842	22.345
420.0	62.0	12.067	-5.483
420.0	69.0	-9.475	23.263
420.0	22.0	-15.325	22.093
420.0	54.0	18.652	43.521
432.0	45.0	2.661	31.178
432.0	12.0	-24.617	19.73
432.0	50.0	-24.686	18.904
432.0	59.0	18.331	15.876
432.0	61.0	3.631	-20.558
432.0	16.0	18.606	-2.455
432.0	40.0	18.032	11.173
432.0	56.0	9.039	16.541
432.0	58.0	9.773	14.798
432.0	64.0	16.518	25.97
432.0	7.0	-7.708	34.803
432.0	42.0	-4.015	34.872
432.0	25.0	-9.406	21.175
432.0	28.0	-9.521	22.345
432.0	62.0	12.067	-5.988
432.0	69.0	-9.108	23.263
432.0	22.0	-15.096	21.932
432.0	54.0	18.881	44.026
444.0	45.0	2.248	30.834
444.0	12.0	-24.227	19.73
444.0	50.0	-24.364	18.744
444.0	59.0	17.711	15.876
444.0	61.0	3.742	-20.4
444.0	16.0	18.606	-1.95
444.0	40.0	18.032	11.173
444.0	56.0	8.718	16.381
444.0	58.0	9.36	14.614
444.0	64.0	16.449	25.97
444.0	7.0	-7.708	34.803
444.0	42.0	-4.107	34.872
444.0	25.0	-9.039	21.015
444.0	28.0	-9.108	22.185
444.0	62.0	12.067	-6.653
444.0	69.0	-8.695	23.125
444.0	22.0	-14.866	21.588
444.0	54.0	19.157	44.53
456.0	12.0	-23.745	19.73
456.0	50.0	-23.951	18.56
456.0	59.0	17.046	15.876
456.0	61.0	3.854	-20.243
456.0	16.0	18.606	-1.262
456.0	40.0	18.032	11.333
456.0	56.0	8.305	16.22
456.0	58.0	8.947	14.43
456.0	64.0	16.449	25.787
456.0	7.0	-7.708	34.803
456.0	42.0	-4.175	34.872
456.0	25.0	-8.672	21.015
456.0	28.0	-8.787	22.185
456.0	62.0	12.067	-7.158
456.0	69.0	-8.374	23.125
456.0	22.0	-14.545	21.428
456.0	54.0	19.386	45.035
456.0	46.0	1.835	30.329
468.0	59.0	16.403	15.784
468.0	61.0	3.966	-20.085
468.0	16.0	18.606	-0.757
468.0	40.0	17.941	11.333
468.0	56.0	7.892	16.22
468.0	58.0	8.626	14.362
468.0	64.0	16.358	25.787
468.0	7.0	-7.708	34.803
468.0	42.0	-4.244	34.872
468.0	25.0	-8.305	20.831
468.0	28.0	-8.374	22.024
468.0	62.0	12.067	-7.663
468.0	69.0	-7.961	23.125
468.0	22.0	-13.949	21.428
468.0	54.0	19.569	45.54
468.0	46.0	1.354	30.008
468.0	13.0	-23.332	19.73
468.0	51.0	-23.493	18.56
480.0	59.0	15.715	15.623
480.0	61.0	4.077	-19.928
480.0	16.0	18.606	-0.252
480.0	40.0	17.941	11.333
480.0	56.0	7.479	16.036
480.0	58.0	8.213	14.201
480.0	64.0	16.289	25.787
480.0	7.0	-7.708	34.803
480.0	42.0	-4.244	35.032
480.0	25.0	-7.892	20.831
480.0	28.0	-8.053	22.024
480.0	62.0	12.067	-8.167
480.0	69.0	-7.64	22.942
480.0	22.0	-13.398	21.428
480.0	54.0	19.799	46.044
480.0	46.0	0.849	29.664
480.0	13.0	-22.827	19.73
480.0	51.0	-22.988	18.468
492.0	59.0	15.417	15.555
492.0	61.0	4.189	-19.77
492.0	16.0	18.606	0.229
492.0	40.0	17.895	11.173
492.0	56.0	7.066	15.876
492.0	58.0	7.8	14.018
492.0	64.0	16.289	25.787
492.0	7.0	-7.708	34.803
492.0	42.0	-4.244	35.032
492.0	25.0	-7.571	20.831
492.0	28.0	-7.64	22.024
492.0	62.0	12.067	-8.672
492.0	69.0	-7.227	22.942
492.0	22.0	-12.802	21.428
492.0	54.0	20.028	46.549
492.0	46.0	0.367	29.159
492.0	13.0	-22.414	19.661
492.0	51.0	-22.506	18.468
504.0	59.0	14.912	15.463
504.0	61.0	4.301	-19.613
504.0	16.0	18.56	0.826
504.0	40.0	17.895	10.989
504.0	56.0	6.699	15.532
504.0	58.0	7.479	13.857
504.0	64.0	16.289	25.649
504.0	7.0	-7.708	34.619
504.0	42.0	-4.244	34.964
504.0	25.0	-7.135	20.671
504.0	28.0	-7.273	21.841
504.0	62.0	12.067	-9.337
504.0	69.0	-6.906	22.758
504.0	22.0	-12.251	21.428
504.0	54.0	20.372	46.733
504.0	46.0	-0.206	28.815
504.0	13.0	-21.932	19.592
504.0	51.0	-22.024	18.468
516.0	16.0	18.606	1.17
516.0	40.0	17.895	10.989
516.0	56.0	6.47	15.119
516.0	58.0	7.296	13.696
516.0	64.0	16.289	25.649
516.0	7.0	-7.433	34.619
516.0	42.0	-4.061	34.964
516.0	25.0	-6.63	20.671
516.0	28.0	-6.791	21.841
516.0	62.0	12.067	-9.842
516.0	69.0	-6.447	22.758
516.0	22.0	-11.655	21.428
516.0	54.0	20.74	47.146
516.0	46.0	-0.711	28.654
516.0	13.0	-21.451	19.592
516.0	51.0	-21.52	18.468
516.0	60.0	14.201	15.463
528.0	16.0	18.629	1.583
528.0	40.0	17.895	10.989
528.0	56.0	6.263	14.683
528.0	58.0	7.112	13.444
528.0	64.0	16.289	25.649
528.0	7.0	-7.296	34.619
528.0	42.0	-3.831	34.964
528.0	25.0	-6.125	20.602
528.0	28.0	-6.309	21.68
528.0	62.0	12.113	-10.439
528.0	69.0	-5.942	22.69
528.0	22.0	-11.104	21.428
528.0	54.0	21.107	47.582
528.0	46.0	-1.193	28.494
528.0	13.0	-20.946	19.592
528.0	51.0	-20.992	18.468
528.0	60.0	13.605	15.463
540.0	56.0	6.034	14.27
540.0	58.0	6.906	13.26
540.0	64.0	16.289	25.649
540.0	7.0	-7.112	34.619
540.0	42.0	-3.694	34.964
540.0	25.0	-5.644	20.51
540.0	28.0	-5.804	21.68
540.0	62.0	12.159	-10.943
540.0	69.0	-5.437	22.69
540.0	22.0	-10.507	21.428
540.0	54.0	21.52	47.995
540.0	46.0	-1.721	28.31
540.0	13.0	-20.441	19.592
540.0	51.0	-20.51	18.468
540.0	60.0	13.054	15.463
540.0	17.0	18.606	1.927
552.0	64.0	16.289	25.649
552.0	7.0	-6.928	34.619
552.0	42.0	-3.51	34.872
552.0	25.0	-5.162	20.418
552.0	28.0	-5.323	21.588
552.0	62.0	12.205	-11.54
552.0	69.0	-4.978	22.621
552.0	22.0	-9.957	21.428
552.0	54.0	21.887	48.407
552.0	46.0	-2.202	28.15
552.0	13.0	-19.937	19.592
552.0	51.0	-19.982	18.468
552.0	60.0	12.435	15.279
552.0	17.0	18.56	2.409
564.0	7.0	-6.699	34.619
564.0	42.0	-3.327	34.872
564.0	25.0	-4.657	20.418
564.0	28.0	-4.795	21.428
564.0	62.0	12.251	-12.113
564.0	69.0	-4.565	22.529
564.0	22.0	-9.36	21.428
564.0	54.0	22.254	48.752
564.0	46.0	-2.707	27.989
564.0	13.0	-19.432	19.501
564.0	51.0	-19.478	18.56
564.0	60.0	11.953	15.279
564.0	17.0	18.422	2.914
564.0	65.0	16.289	25.557
576.0	42.0	-3.143	34.872
576.0	25.0	-4.175	20.235
576.0	28.0	-4.29	21.428
576.0	62.0	12.251	-12.71
576.0	69.0	-4.061	22.529
576.0	22.0	-8.81	21.428
576.0	54.0	22.621	49.188
576.0	46.0	-3.281	27.829
576.0	13.0	-18.904	19.501
576.0	51.0	-18.927	18.56
576.0	60.0	11.448	15.188
576.0	17.0	18.147	3.418
576.0	65.0	16.289	25.557
576.0	8.0	-6.561	34.619
588.0	25.0	-3.694	20.235
588.0	28.0	-3.808	21.267
588.0	62.0	12.274	-13.306
588.0	69.0	-3.602	22.345
588.0	22.0	-8.213	21.428
588.0	54.0	23.034	49.6
588.0	46.0	-3.762	27.645
588.0	13.0	-18.422	19.501
588.0	51.0	-18.468	18.56
588.0	60.0	10.943	15.119
588.0	17.0	17.918	3.923
588.0	65.0	16.289	25.557
588.0	8.0	-6.332	34.619
588.0	43.0	-3.005	34.78
600.0	22.0	-7.663	21.428
600.0	54.0	23.401	49.922
600.0	46.0	-4.267	27.484
600.0	13.0	-17.872	19.501
600.0	51.0	-17.918	18.56
600.0	60.0	10.439	15.05
600.0	17.0	17.688	4.267
600.0	65.0	16.358	25.466
600.0	8.0	-6.148	34.619
600.0	43.0	-2.822	34.78
600.0	26.0	-3.189	20.097
600.0	29.0	-3.327	21.267
600.0	70.0	-3.097	22.345
612.0	22.0	-7.066	21.428
612.0	54.0	23.768	50.358
612.0	46.0	-4.795	27.324
612.0	13.0	-17.39	19.409
612.0	51.0	-17.413	18.744
612.0	60.0	9.934	14.866
612.0	17.0	17.275	4.611
612.0	65.0	16.358	25.374
612.0	8.0	-5.965	34.619
612.0	43.0	-2.592	34.78
612.0	26.0	-2.707	20.097
612.0	29.0	-2.776	21.084
612.0	70.0	-2.661	22.277
624.0	54.0	24.135	50.679
624.0	46.0	-5.277	27.14
624.0	13.0	-16.725	19.409
624.0	51.0	-16.771	18.744
624.0	60.0	9.429	14.866
624.0	17.0	16.771	4.933
624.0	65.0	16.358	25.374
624.0	8.0	-5.781	34.528
624.0	43.0	-2.409	34.711
624.0	26.0	-2.202	20.005
624.0	29.0	-2.294	20.992
624.0	70.0	-2.225	22.185
624.0	23.0	-6.516	21.428
636.0	54.0	24.548	51.183
636.0	46.0	-5.781	26.98
636.0	13.0	-16.174	19.409
636.0	51.0	-16.128	18.744
636.0	60.0	8.97	14.775
636.0	17.0	16.358	5.277
636.0	65.0	16.358	25.374
636.0	8.0	-5.552	34.528
636.0	43.0	-2.248	34.711
636.0	26.0	-1.721	19.914
636.0	29.0	-1.789	20.923
636.0	70.0	-1.721	22.093
636.0	23.0	-5.919	21.428
648.0	54.0	24.892	51.596
648.0	46.0	-6.103	26.819
648.0	13.0	-15.509	19.409
648.0	51.0	-15.509	18.744
648.0	60.0	8.466	14.683
648.0	17.0	15.945	5.621
648.0	65.0	16.358	25.374
648.0	8.0	-5.414	34.528
648.0	43.0	-2.088	34.711
648.0	26.0	-1.239	19.822
648.0	29.0	-1.308	20.854
648.0	70.0	-1.216	22.093
648.0	23.0	-5.368	21.428
660.0	46.0	-6.263	26.636
660.0	13.0	-14.935	19.409
660.0	51.0	-14.889	18.904
660.0	60.0	7.961	14.614
660.0	17.0	15.623	6.125
660.0	65.0	16.358	25.374
660.0	8.0	-5.185	34.528
660.0	43.0	-1.881	34.711
660.0	26.0	-0.688	19.822
660.0	29.0	-0.78	20.854
660.0	70.0	-0.734	22.093
660.0	23.0	-4.772	21.428
660.0	11.0	-32.027	16.725
672.0	46.0	-6.424	26.636
672.0	13.0	-14.293	19.409
672.0	51.0	-14.247	18.904
672.0	60.0	7.502	14.614
672.0	17.0	15.394	6.791
672.0	65.0	16.358	25.305
672.0	8.0	-5.047	34.528
672.0	43.0	-1.721	34.619
672.0	26.0	-0.138	20.005
672.0	29.0	-0.275	20.992
672.0	70.0	-0.161	22.345
672.0	23.0	-4.175	21.588
672.0	11.0	-31.637	16.816
672.0	19.0	25.488	-3.028
672.0	20.0	12.113	5.781
684.0	46.0	-6.584	26.475
684.0	13.0	-13.696	19.409
684.0	51.0	-13.605	18.904
684.0	60.0	7.158	14.614
684.0	17.0	15.05	7.296
684.0	65.0	16.358	25.305
684.0	8.0	-4.795	34.528
684.0	43.0	-1.56	34.619
684.0	26.0	0.459	20.327
684.0	29.0	0.275	21.359
684.0	70.0	0.39	22.69
684.0	23.0	-3.189	21.772
684.0	11.0	-30.903	16.954
684.0	19.0	24.984	-3.212
684.0	20.0	12.779	5.781
696.0	13.0	-13.054	19.409
696.0	51.0	-12.962	18.904
696.0	60.0	6.906	14.683
696.0	17.0	14.798	7.961
696.0	65.0	16.449	25.213
696.0	8.0	-4.634	34.528
696.0	43.0	-1.354	34.619
696.0	26.0	1.193	20.602
696.0	29.0	1.055	21.68
696.0	70.0	1.216	22.942
696.0	23.0	-2.179	21.932
696.0	11.0	-29.205	17.459
696.0	19.0	24.433	-3.533
696.0	20.0	13.421	5.781
696.0	10.0	-32.532	17.229
696.0	47.0	-6.516	26.314
696.0	71.0	25.167	16.381
696.0	72.0	25.03	15.05
708.0	60.0	6.676	14.775
708.0	17.0	14.522	8.466
708.0	65.0	16.449	25.213
708.0	8.0	-4.451	34.528
708.0	43.0	-1.147	34.528
708.0	26.0	2.157	20.923
708.0	29.0	2.042	22.001
708.0	70.0	2.202	23.125
708.0	23.0	-1.193	22.093
708.0	11.0	-27.507	17.964
708.0	19.0	23.928	-3.785
708.0	20.0	14.063	5.781
708.0	10.0	-31.499	17.39
708.0	47.0	-6.011	26.131
708.0	71.0	24.479	16.541
708.0	72.0	24.387	15.371
708.0	14.0	-11.494	19.661
708.0	52.0	-11.861	19.065
720.0	60.0	6.401	14.775
720.0	17.0	14.201	9.154
720.0	65.0	16.449	25.121
720.0	8.0	-4.221	34.528
720.0	43.0	-0.987	34.528
720.0	26.0	3.166	21.336
720.0	29.0	3.074	22.368
720.0	70.0	3.189	23.263
720.0	23.0	-0.367	22.277
720.0	11.0	-25.764	18.399
720.0	19.0	23.424	-4.13
720.0	20.0	14.568	5.781
720.0	10.0	-30.26	17.734
720.0	47.0	-5.529	26.131
720.0	71.0	23.768	16.725
720.0	72.0	23.722	15.555
720.0	14.0	-10.484	19.822
720.0	52.0	-10.966	19.065
720.0	73.0	25.58	47.329
732.0	60.0	6.08	14.775
732.0	17.0	13.88	9.819
732.0	65.0	16.449	25.121
732.0	8.0	-4.038	34.528
732.0	43.0	-0.826	34.528
732.0	26.0	3.625	21.336
732.0	29.0	3.556	22.368
732.0	70.0	3.694	23.263
732.0	23.0	0.436	22.437
732.0	11.0	-24.594	18.399
732.0	19.0	22.965	-4.474
732.0	20.0	15.05	5.781
732.0	10.0	-29.067	18.239
732.0	47.0	-5.598	25.81
732.0	71.0	23.057	16.885
732.0	72.0	23.103	15.784
732.0	14.0	-9.819	20.005
732.0	52.0	-10.301	19.248
732.0	73.0	24.846	46.48
744.0	60.0	5.85	14.683
744.0	17.0	13.559	10.324
744.0	65.0	16.449	25.121
744.0	8.0	-3.808	34.528
744.0	43.0	-0.574	34.459
744.0	26.0	4.13	21.336
744.0	29.0	4.107	22.368
744.0	70.0	4.175	23.263
744.0	23.0	1.239	22.598
744.0	11.0	-23.447	18.399
744.0	19.0	22.46	-4.978
744.0	20.0	15.532	5.781
744.0	10.0	-27.92	18.491
744.0	47.0	-5.69	25.466
744.0	71.0	22.414	17.046
744.0	72.0	22.46	16.059
744.0	14.0	-9.154	20.166
744.0	52.0	-9.567	19.409
744.0	73.0	24.112	45.632
756.0	17.0	13.467	10.989
756.0	65.0	16.449	25.121
756.0	8.0	-3.487	34.528
756.0	43.0	-0.252	34.459
756.0	26.0	4.634	21.428
756.0	29.0	4.657	22.506
756.0	70.0	4.657	23.447
756.0	23.0	1.927	22.598
756.0	11.0	-22.529	18.239
756.0	19.0	22.047	-5.3
756.0	20.0	16.036	5.713
756.0	10.0	-26.957	18.491
756.0	47.0	-5.781	25.121
756.0	71.0	21.68	17.229
756.0	72.0	21.795	16.289
756.0	14.0	-8.511	20.327
756.0	52.0	-8.924	19.569
756.0	73.0	23.378	44.806
756.0	33.0	25.076	15.715
