0.0	32.0	4.773	26.502
0.0	33.0	-18.364	56.897
0.0	59.0	25.6	50.255
0.0	71.0	19.288	20.872
0.0	75.0	19.288	19.596
12.0	32.0	5.344	26.502
12.0	33.0	-18.848	56.325
12.0	59.0	25.578	48.627
12.0	71.0	18.716	20.674
12.0	75.0	18.716	19.42
24.0	32.0	6.004	26.502
24.0	33.0	-19.244	55.797
24.0	59.0	25.578	47.0
24.0	71.0	18.144	20.674
24.0	75.0	18.144	19.42
36.0	32.0	6.62	26.502
36.0	33.0	-19.64	55.445
36.0	59.0	25.534	45.372
36.0	71.0	17.595	20.674
36.0	75.0	17.595	19.42
48.0	32.0	7.28	26.502
48.0	33.0	-20.036	54.873
48.0	59.0	25.534	43.921
48.0	71.0	17.045	20.674
48.0	75.0	17.045	19.42
48.0	79.0	25.446	22.499
60.0	32.0	7.896	26.502
60.0	33.0	-20.454	54.521
60.0	59.0	25.49	42.293
60.0	71.0	16.561	20.674
60.0	75.0	16.561	19.42
60.0	79.0	25.006	22.499
72.0	32.0	8.555	26.502
72.0	33.0	-20.85	53.993
72.0	59.0	25.49	40.666
72.0	71.0	15.989	20.674
72.0	75.0	15.989	19.42
72.0	79.0	24.456	22.323
84.0	32.0	9.171	26.502
84.0	33.0	-21.245	53.62
84.0	59.0	25.446	39.214
84.0	71.0	15.505	20.674
84.0	75.0	15.505	19.42
84.0	79.0	23.885	22.147
96.0	32.0	9.831	26.502
96.0	33.0	-21.663	53.07
96.0	59.0	25.446	37.542
96.0	71.0	14.955	20.674
96.0	75.0	14.955	19.42
96.0	79.0	23.313	21.949
108.0	32.0	10.447	26.326
108.0	33.0	-22.059	52.542
108.0	59.0	25.446	35.915
108.0	71.0	14.472	20.674
108.0	75.0	14.472	19.42
108.0	79.0	22.741	21.949
120.0	32.0	11.107	26.326
120.0	33.0	-22.455	52.168
120.0	59.0	25.402	34.463
120.0	71.0	13.922	20.674
120.0	75.0	13.922	19.42
120.0	79.0	22.169	21.773
132.0	32.0	11.766	26.326
132.0	33.0	-22.851	51.618
132.0	59.0	25.402	32.836
132.0	71.0	13.35	20.674
132.0	75.0	13.35	19.42
132.0	79.0	21.597	21.597
144.0	32.0	12.47	26.326
144.0	33.0	-23.247	51.266
144.0	59.0	25.204	31.384
144.0	71.0	12.866	20.674
144.0	75.0	12.866	19.42
144.0	79.0	21.026	21.597
156.0	32.0	13.13	26.326
156.0	33.0	-23.643	50.716
156.0	59.0	24.852	30.109
156.0	71.0	12.316	20.674
156.0	75.0	12.316	19.42
156.0	79.0	20.498	21.421
168.0	32.0	13.746	26.326
168.0	33.0	-24.039	50.343
168.0	59.0	24.566	28.833
168.0	71.0	11.832	20.674
168.0	75.0	11.832	19.596
168.0	79.0	19.926	21.421
180.0	32.0	14.406	26.326
180.0	33.0	-24.456	49.815
180.0	59.0	23.775	27.777
180.0	71.0	11.283	20.674
180.0	75.0	11.283	19.596
180.0	79.0	19.354	21.421
192.0	32.0	15.021	26.326
192.0	33.0	-24.852	49.265
192.0	59.0	22.961	26.678
192.0	71.0	10.799	20.674
192.0	75.0	10.799	19.596
192.0	79.0	18.782	21.421
204.0	32.0	15.681	26.326
204.0	33.0	-25.336	48.891
204.0	59.0	22.015	25.754
204.0	71.0	10.227	20.674
204.0	75.0	10.227	19.596
204.0	79.0	18.254	21.311
216.0	32.0	16.385	26.326
216.0	33.0	-25.732	48.363
216.0	59.0	20.652	25.226
216.0	71.0	9.743	20.674
216.0	75.0	9.743	19.596
216.0	79.0	17.683	21.223
228.0	32.0	17.045	26.326
228.0	33.0	-26.128	48.011
228.0	59.0	19.288	24.874
228.0	71.0	9.193	20.674
228.0	75.0	9.193	19.596
228.0	79.0	17.111	21.223
240.0	79.0	16.539	21.223
240.0	60.0	17.99	24.303
240.0	72.0	8.709	20.674
240.0	76.0	8.709	19.596
252.0	79.0	16.011	21.136
252.0	60.0	16.649	23.951
252.0	72.0	8.159	20.674
252.0	76.0	8.159	19.596
252.0	61.0	-25.49	-23.203
264.0	79.0	15.439	21.136
264.0	60.0	15.197	23.775
264.0	72.0	7.676	20.674
264.0	76.0	7.676	19.596
264.0	61.0	-25.578	-22.763
276.0	79.0	14.779	21.048
276.0	60.0	13.746	23.687
276.0	72.0	7.104	20.674
276.0	76.0	7.104	19.596
276.0	61.0	-25.622	-22.213
276.0	64.0	-26.458	-22.851
288.0	60.0	12.228	23.599
288.0	72.0	6.532	20.674
288.0	76.0	6.532	19.596
288.0	61.0	-25.622	-21.685
288.0	64.0	-26.458	-22.125
288.0	80.0	14.252	20.96
300.0	60.0	10.799	23.511
300.0	72.0	6.07	20.674
300.0	76.0	6.07	19.596
300.0	61.0	-25.622	-21.136
300.0	64.0	-26.458	-21.773
300.0	80.0	13.68	20.96
312.0	60.0	9.347	23.335
312.0	72.0	5.498	20.674
312.0	76.0	5.498	19.596
312.0	61.0	-25.578	-20.586
312.0	64.0	-26.458	-21.223
312.0	80.0	13.108	20.96
324.0	60.0	7.896	23.335
324.0	72.0	5.014	20.674
324.0	76.0	5.014	19.596
324.0	61.0	-25.49	-20.058
324.0	64.0	-26.37	-20.674
324.0	80.0	12.536	20.96
336.0	60.0	6.378	23.137
336.0	72.0	4.465	20.674
336.0	76.0	4.465	19.596
336.0	61.0	-25.49	-19.596
336.0	64.0	-26.37	-20.146
336.0	80.0	12.008	20.872
348.0	60.0	4.773	22.939
348.0	72.0	3.893	20.674
348.0	76.0	3.893	19.596
348.0	61.0	-25.424	-19.134
348.0	64.0	-26.304	-19.596
348.0	80.0	11.436	20.872
360.0	60.0	3.255	22.763
360.0	72.0	3.409	20.674
360.0	76.0	3.409	19.42
360.0	61.0	-25.424	-18.694
360.0	64.0	-26.304	-19.222
360.0	80.0	10.865	20.872
372.0	60.0	1.737	22.411
372.0	72.0	2.859	20.674
372.0	76.0	2.859	19.42
372.0	61.0	-25.424	-18.232
372.0	64.0	-26.304	-18.694
372.0	80.0	10.293	20.872
384.0	60.0	0.22	22.235
384.0	72.0	2.309	20.674
384.0	76.0	2.309	19.42
384.0	61.0	-25.424	-17.771
384.0	64.0	-26.304	-18.144
384.0	80.0	9.765	20.872
396.0	60.0	-1.298	22.059
396.0	72.0	1.825	20.674
396.0	76.0	1.825	19.42
396.0	61.0	-25.336	-17.419
396.0	64.0	-26.216	-17.771
396.0	80.0	9.193	20.872
408.0	60.0	-2.837	21.883
408.0	72.0	1.254	20.674
408.0	76.0	1.254	19.42
408.0	61.0	-25.336	-17.067
408.0	64.0	-26.216	-17.243
408.0	80.0	8.621	20.872
420.0	60.0	-4.355	21.685
420.0	72.0	0.77	20.674
420.0	76.0	0.77	19.42
420.0	61.0	-25.336	-16.495
420.0	64.0	-26.216	-16.693
420.0	80.0	8.05	20.872
432.0	60.0	-5.96	21.487
432.0	72.0	0.22	20.674
432.0	76.0	0.22	19.222
432.0	61.0	-25.248	-15.967
432.0	64.0	-26.128	-16.319
432.0	80.0	7.522	20.872
444.0	60.0	-7.478	21.311
444.0	72.0	-0.352	20.674
444.0	76.0	-0.352	19.222
444.0	61.0	-25.182	-15.417
444.0	64.0	-26.128	-15.791
444.0	80.0	6.95	20.872
456.0	60.0	-8.995	21.136
456.0	72.0	-0.814	20.674
456.0	76.0	-0.814	19.222
456.0	61.0	-25.094	-15.043
456.0	64.0	-26.062	-15.417
456.0	80.0	6.378	20.872
468.0	60.0	-10.447	21.136
468.0	72.0	-1.386	20.674
468.0	76.0	-1.386	19.222
468.0	61.0	-24.94	-14.516
468.0	64.0	-25.974	-15.043
468.0	80.0	5.806	20.872
480.0	61.0	-24.94	-13.966
480.0	64.0	-25.82	-14.516
480.0	80.0	5.278	20.872
480.0	73.0	-1.869	20.674
480.0	77.0	-1.869	19.222
492.0	64.0	-25.732	-14.164
492.0	80.0	4.707	20.872
492.0	73.0	-2.441	20.674
492.0	77.0	-2.441	19.222
492.0	62.0	-24.94	-13.592
504.0	64.0	-25.688	-13.79
504.0	80.0	4.135	20.784
504.0	73.0	-2.991	20.674
504.0	77.0	-2.947	19.222
504.0	62.0	-24.962	-13.24
504.0	86.0	-26.568	-3.365
516.0	80.0	3.541	20.872
516.0	73.0	-3.519	20.674
516.0	77.0	-3.431	19.222
516.0	62.0	-24.962	-12.712
516.0	86.0	-26.568	-4.443
516.0	65.0	-25.688	-13.328
528.0	73.0	-4.069	20.784
528.0	77.0	-3.959	19.222
528.0	62.0	-24.962	-12.228
528.0	86.0	-26.568	-5.63
528.0	65.0	-25.688	-12.8
528.0	81.0	2.925	20.872
540.0	73.0	-4.575	20.784
540.0	77.0	-4.443	19.222
540.0	62.0	-24.962	-11.7
540.0	86.0	-26.524	-6.708
540.0	65.0	-25.688	-12.316
540.0	81.0	2.375	20.96
552.0	73.0	-5.19	20.784
552.0	77.0	-4.992	19.332
552.0	62.0	-24.962	-11.349
552.0	86.0	-26.7	-7.61
552.0	65.0	-25.688	-11.876
552.0	81.0	1.737	20.85
564.0	73.0	-5.762	20.784
564.0	77.0	-5.542	19.332
564.0	62.0	-24.918	-10.777
564.0	86.0	-26.7	-8.533
564.0	65.0	-25.688	-11.524
564.0	81.0	1.254	20.85
576.0	73.0	-6.312	20.784
576.0	77.0	-6.202	19.332
576.0	62.0	-24.918	-10.337
576.0	86.0	-26.612	-9.611
576.0	65.0	-25.688	-11.063
576.0	81.0	0.792	20.674
588.0	73.0	-6.862	20.586
588.0	77.0	-6.752	19.332
588.0	62.0	-24.918	-9.809
588.0	86.0	-26.524	-10.711
588.0	65.0	-25.688	-10.601
588.0	81.0	0.22	20.498
600.0	73.0	-7.434	20.586
600.0	77.0	-7.302	19.332
600.0	62.0	-24.918	-9.413
600.0	86.0	-26.458	-11.612
600.0	65.0	-25.732	-10.161
600.0	81.0	-0.264	20.322
612.0	73.0	-8.006	20.586
612.0	77.0	-7.962	19.332
612.0	62.0	-24.874	-8.885
612.0	86.0	-26.37	-12.514
612.0	65.0	-25.732	-9.611
612.0	81.0	-0.836	20.146
624.0	73.0	-8.489	20.586
624.0	77.0	-8.445	19.332
624.0	62.0	-24.874	-8.445
624.0	86.0	-26.216	-13.24
624.0	65.0	-25.732	-9.259
624.0	81.0	-1.386	20.146
636.0	73.0	-9.039	20.586
636.0	77.0	-8.929	19.332
636.0	62.0	-24.874	-7.874
636.0	86.0	-26.128	-14.142
636.0	65.0	-25.732	-8.797
636.0	81.0	-1.869	20.146
648.0	73.0	-9.501	20.586
648.0	77.0	-9.391	19.332
648.0	62.0	-24.874	-7.522
648.0	86.0	-26.04	-15.241
648.0	65.0	-25.732	-8.335
648.0	81.0	-2.419	20.146
660.0	73.0	-10.073	20.586
660.0	77.0	-9.875	19.332
660.0	62.0	-24.874	-6.994
660.0	86.0	-25.908	-16.517
660.0	65.0	-25.732	-7.896
660.0	81.0	-2.991	20.146
672.0	73.0	-10.557	20.586
672.0	77.0	-10.359	19.332
672.0	62.0	-24.852	-6.532
672.0	86.0	-25.82	-17.419
672.0	65.0	-25.732	-7.544
672.0	81.0	-3.563	20.146
684.0	73.0	-11.129	20.586
684.0	77.0	-10.909	19.332
684.0	62.0	-24.852	-5.982
684.0	86.0	-25.908	-17.771
684.0	65.0	-25.732	-7.06
684.0	81.0	-4.113	20.146
696.0	73.0	-11.634	20.586
696.0	77.0	-11.393	19.332
696.0	62.0	-24.852	-5.63
696.0	86.0	-25.908	-18.496
696.0	65.0	-25.754	-6.532
696.0	81.0	-4.663	20.146
708.0	73.0	-12.162	20.696
708.0	77.0	-11.876	19.134
708.0	62.0	-24.852	-5.08
708.0	86.0	-25.908	-19.222
708.0	65.0	-25.754	-6.092
708.0	81.0	-5.234	19.97
720.0	62.0	-24.852	-4.619
720.0	86.0	-25.908	-19.948
720.0	65.0	-25.754	-5.608
720.0	81.0	-5.806	19.97
720.0	74.0	-12.668	20.696
720.0	78.0	-12.36	19.134
720.0	103.0	-30.307	24.237
732.0	86.0	-25.908	-20.674
732.0	65.0	-25.754	-5.256
732.0	81.0	-6.268	19.97
732.0	74.0	-13.196	20.696
732.0	78.0	-12.844	19.134
732.0	103.0	-29.735	24.149
732.0	63.0	-24.808	-4.091
744.0	65.0	-25.754	-4.817
744.0	81.0	-6.818	19.97
744.0	74.0	-13.724	20.696
744.0	78.0	-13.394	19.134
744.0	103.0	-29.185	24.149
744.0	63.0	-24.808	-3.717
744.0	87.0	-25.908	-21.311
756.0	81.0	-7.39	19.97
756.0	74.0	-14.252	20.696
756.0	78.0	-13.878	19.134
756.0	103.0	-28.613	24.149
756.0	63.0	-24.808	-3.167
756.0	87.0	-25.908	-21.949
756.0	66.0	-25.754	-4.355
756.0	67.0	-29.097	8.797
768.0	74.0	-14.757	20.696
768.0	78.0	-14.362	19.134
768.0	103.0	-28.063	24.149
768.0	63.0	-24.808	-2.727
768.0	87.0	-25.908	-22.477
768.0	66.0	-25.754	-3.893
768.0	67.0	-28.305	8.072
768.0	82.0	-7.962	19.97
780.0	74.0	-15.329	20.696
780.0	78.0	-14.845	19.134
780.0	103.0	-27.448	24.149
780.0	63.0	-24.764	-2.177
780.0	87.0	-25.906	-22.438
780.0	66.0	-25.754	-3.343
780.0	67.0	-27.47	7.346
780.0	82.0	-8.511	19.97
792.0	74.0	-15.791	20.696
792.0	78.0	-15.307	19.134
792.0	103.0	-26.898	24.149
792.0	63.0	-24.852	-1.628
792.0	87.0	-25.904	-22.394
792.0	66.0	-25.754	-2.815
792.0	67.0	-26.81	6.444
792.0	82.0	-9.061	19.97
804.0	74.0	-16.363	20.696
804.0	78.0	-15.879	19.134
804.0	103.0	-26.326	24.149
804.0	63.0	-24.94	-1.078
804.0	87.0	-25.902	-22.35
804.0	66.0	-25.754	-2.265
804.0	67.0	-26.81	5.168
804.0	82.0	-9.633	19.794
816.0	74.0	-16.847	20.696
816.0	78.0	-16.451	19.134
816.0	103.0	-25.776	24.149
816.0	63.0	-24.94	-0.55
816.0	87.0	-25.9	-22.307
816.0	66.0	-25.71	-1.54
816.0	67.0	-26.898	3.717
816.0	82.0	-10.117	19.794
828.0	74.0	-17.397	20.696
828.0	78.0	-17.001	19.134
828.0	103.0	-25.226	24.149
828.0	63.0	-25.006	0.0
828.0	87.0	-25.897	-22.264
828.0	66.0	-25.71	-0.99
828.0	67.0	-26.986	2.463
828.0	82.0	-10.601	19.794
840.0	74.0	-17.968	20.696
840.0	78.0	-17.551	19.134
840.0	103.0	-24.566	24.325
840.0	63.0	-25.006	0.55
840.0	87.0	-25.895	-22.22
840.0	66.0	-25.71	-0.264
840.0	67.0	-26.986	1.012
840.0	82.0	-11.173	19.794
852.0	74.0	-18.518	20.696
852.0	78.0	-18.122	19.134
852.0	103.0	-24.017	24.325
852.0	63.0	-25.094	1.276
852.0	87.0	-25.893	-22.177
852.0	66.0	-25.622	0.264
852.0	67.0	-26.898	-0.44
852.0	82.0	-11.634	19.794
864.0	74.0	-19.002	20.696
864.0	78.0	-18.694	19.134
864.0	103.0	-23.445	24.325
864.0	63.0	-25.182	1.825
864.0	87.0	-25.891	-22.134
864.0	66.0	-25.622	1.012
864.0	67.0	-26.722	-1.891
864.0	82.0	-12.184	19.794
876.0	74.0	-19.574	20.696
876.0	78.0	-19.244	19.134
876.0	103.0	-22.895	24.5
876.0	63.0	-25.182	2.353
876.0	87.0	-25.889	-22.09
876.0	66.0	-25.534	1.54
876.0	67.0	-26.59	-3.343
876.0	82.0	-12.668	19.618
888.0	74.0	-20.124	20.696
888.0	78.0	-19.794	19.134
888.0	103.0	-22.257	24.5
888.0	63.0	-25.248	2.903
888.0	87.0	-25.887	-22.047
888.0	66.0	-25.534	2.265
888.0	67.0	-26.414	-4.992
888.0	82.0	-13.24	19.618
900.0	74.0	-20.608	20.696
900.0	78.0	-20.366	19.134
900.0	103.0	-21.685	24.676
900.0	63.0	-25.248	3.453
900.0	87.0	-25.885	-22.003
900.0	66.0	-25.534	2.815
900.0	67.0	-26.26	-6.444
900.0	82.0	-13.724	19.618
912.0	74.0	-21.158	20.696
912.0	78.0	-20.938	19.134
912.0	103.0	-21.136	24.676
912.0	63.0	-25.248	3.629
912.0	87.0	-25.883	-21.96
912.0	66.0	-25.446	2.991
912.0	67.0	-26.172	-7.698
912.0	82.0	-14.208	19.618
924.0	74.0	-21.729	20.696
924.0	78.0	-21.487	19.134
924.0	103.0	-20.476	24.676
924.0	63.0	-25.248	3.629
924.0	87.0	-25.88	-21.917
924.0	66.0	-25.446	2.991
924.0	67.0	-26.172	-8.973
924.0	82.0	-14.757	19.618
936.0	74.0	-22.301	20.696
936.0	78.0	-22.037	19.134
936.0	103.0	-19.926	24.852
936.0	63.0	-25.248	3.629
936.0	87.0	-25.878	-21.873
936.0	66.0	-25.446	2.991
936.0	67.0	-26.172	-10.073
936.0	82.0	-15.241	19.398
948.0	74.0	-22.763	20.696
948.0	78.0	-22.609	19.134
948.0	103.0	-19.376	24.852
948.0	63.0	-25.248	3.629
948.0	87.0	-25.876	-21.83
948.0	66.0	-25.446	2.991
948.0	67.0	-26.172	-11.349
948.0	82.0	-15.791	19.398
960.0	63.0	-25.248	3.629
960.0	87.0	-25.874	-21.787
960.0	66.0	-25.446	2.991
960.0	67.0	-26.106	-12.8
960.0	82.0	-16.275	19.398
960.0	104.0	-18.804	24.852
972.0	87.0	-25.872	-21.743
972.0	66.0	-25.446	2.991
972.0	67.0	-26.018	-14.428
972.0	82.0	-16.847	19.398
972.0	104.0	-18.166	25.028
984.0	66.0	-25.446	2.991
984.0	67.0	-25.93	-15.879
984.0	82.0	-17.331	19.398
984.0	104.0	-17.617	25.028
984.0	88.0	-25.87	-21.699
996.0	82.0	-17.815	19.398
996.0	104.0	-17.045	25.028
996.0	88.0	-25.868	-21.656
996.0	116.0	26.04	30.461
1008.0	104.0	-16.407	25.116
1008.0	88.0	-25.865	-21.613
1008.0	116.0	25.446	29.295
1008.0	83.0	-18.364	19.398
1020.0	104.0	-15.769	25.116
1020.0	88.0	-25.864	-21.57
1020.0	116.0	25.116	28.855
1020.0	83.0	-18.892	19.398
1032.0	104.0	-15.153	25.116
1032.0	88.0	-25.861	-21.526
1032.0	116.0	24.852	28.415
1032.0	83.0	-19.42	19.398
1044.0	104.0	-14.538	25.116
1044.0	88.0	-25.859	-21.483
1044.0	116.0	24.522	27.931
1044.0	83.0	-19.926	19.618
1056.0	104.0	-13.878	25.116
1056.0	88.0	-25.857	-21.439
1056.0	116.0	24.259	27.492
1056.0	83.0	-20.432	19.618
1056.0	84.0	-29.009	10.425
1068.0	104.0	-13.306	25.116
1068.0	88.0	-25.855	-21.396
1068.0	116.0	23.907	27.052
1068.0	83.0	-20.96	19.618
1068.0	84.0	-28.701	10.073
1068.0	45.0	-29.229	26.304
1080.0	104.0	-12.756	25.116
1080.0	88.0	-25.853	-21.352
1080.0	116.0	23.445	26.678
1080.0	83.0	-21.487	19.618
1080.0	84.0	-28.041	9.897
1080.0	45.0	-28.833	25.776
1092.0	104.0	-12.206	25.116
1092.0	88.0	-25.85	-21.309
1092.0	116.0	22.895	26.304
1092.0	83.0	-22.015	19.794
1092.0	84.0	-27.492	9.523
1092.0	45.0	-28.349	25.776
1104.0	104.0	-11.634	25.116
1104.0	88.0	-25.849	-21.266
1104.0	116.0	22.323	26.128
1104.0	83.0	-22.499	19.794
1104.0	84.0	-27.096	9.171
1104.0	45.0	-27.865	25.776
1116.0	104.0	-11.151	25.226
1116.0	88.0	-25.846	-21.222
1116.0	116.0	21.751	25.776
1116.0	83.0	-23.005	19.794
1116.0	84.0	-26.942	8.621
1116.0	45.0	-27.382	25.776
1128.0	104.0	-10.601	25.226
1128.0	88.0	-25.844	-21.179
1128.0	116.0	21.201	25.402
1128.0	83.0	-23.533	19.97
1128.0	84.0	-26.766	8.072
1128.0	45.0	-26.898	25.578
1140.0	104.0	-10.051	25.226
1140.0	88.0	-25.842	-21.136
1140.0	116.0	20.652	25.028
1140.0	83.0	-24.061	19.97
1140.0	84.0	-26.612	7.522
1140.0	45.0	-26.414	25.578
1152.0	104.0	-9.479	25.226
1152.0	88.0	-25.842	-20.586
1152.0	116.0	20.08	24.676
1152.0	83.0	-24.588	19.97
1152.0	84.0	-26.458	6.994
1152.0	45.0	-25.886	25.578
1164.0	104.0	-8.907	25.226
1164.0	88.0	-25.754	-20.058
1164.0	116.0	19.596	24.5
1164.0	83.0	-25.094	19.97
1164.0	84.0	-26.37	6.62
1164.0	45.0	-25.402	25.578
1176.0	104.0	-8.357	25.226
1176.0	88.0	-25.732	-19.486
1176.0	116.0	19.024	24.149
1176.0	83.0	-25.644	20.146
1176.0	84.0	-26.216	6.07
1176.0	45.0	-24.94	25.578
1188.0	104.0	-7.808	25.226
1188.0	88.0	-25.732	-18.958
1188.0	116.0	18.474	23.775
1188.0	83.0	-26.128	20.146
1188.0	84.0	-26.062	5.542
1188.0	45.0	-24.456	25.402
1200.0	88.0	-25.798	-18.606
1200.0	116.0	17.924	23.401
1200.0	83.0	-26.612	20.322
1200.0	84.0	-25.886	4.992
1200.0	45.0	-23.973	25.402
1200.0	105.0	-7.236	25.226
1212.0	88.0	-25.886	-18.232
1212.0	116.0	17.353	23.225
1212.0	83.0	-27.096	20.322
1212.0	84.0	-25.732	4.443
1212.0	45.0	-23.489	25.402
1212.0	105.0	-6.664	25.226
1224.0	116.0	16.715	22.873
1224.0	83.0	-27.58	20.322
1224.0	84.0	-25.578	4.091
1224.0	45.0	-23.005	25.402
1224.0	105.0	-6.114	25.226
1224.0	89.0	-25.886	-17.859
1236.0	83.0	-28.063	20.322
1236.0	84.0	-25.402	3.541
1236.0	45.0	-22.455	25.402
1236.0	105.0	-5.564	25.226
1236.0	89.0	-25.974	-17.507
1236.0	117.0	15.901	22.499
1248.0	84.0	-25.27	2.991
1248.0	45.0	-21.971	25.402
1248.0	105.0	-4.992	25.226
1248.0	89.0	-26.062	-16.979
1248.0	117.0	15.109	22.323
1260.0	84.0	-25.182	2.463
1260.0	45.0	-21.487	25.402
1260.0	105.0	-4.421	25.226
1260.0	89.0	-26.15	-16.583
1260.0	117.0	14.318	21.949
1272.0	84.0	-25.006	1.913
1272.0	45.0	-21.004	25.578
1272.0	105.0	-3.871	25.226
1272.0	89.0	-26.216	-16.231
1272.0	117.0	13.526	21.773
1284.0	84.0	-24.918	1.364
1284.0	45.0	-20.52	25.578
1284.0	105.0	-3.321	25.226
1284.0	89.0	-26.216	-15.879
1284.0	117.0	12.712	21.421
1296.0	45.0	-20.036	25.578
1296.0	105.0	-2.749	25.226
1296.0	89.0	-26.216	-15.329
1296.0	117.0	11.986	21.245
1296.0	85.0	-24.918	0.814
1308.0	105.0	-2.111	25.226
1308.0	89.0	-26.282	-14.955
1308.0	117.0	11.349	21.245
1308.0	85.0	-24.918	0.264
1308.0	46.0	-19.574	25.776
1320.0	105.0	-1.562	25.226
1320.0	89.0	-26.282	-14.604
1320.0	117.0	10.799	21.048
1320.0	85.0	-24.918	-0.264
1320.0	46.0	-19.09	25.776
1332.0	105.0	-0.99	25.226
1332.0	89.0	-26.282	-14.252
1332.0	117.0	10.139	20.872
1332.0	85.0	-24.918	-0.902
1332.0	46.0	-18.606	25.952
1344.0	105.0	-0.418	25.226
1344.0	89.0	-26.282	-13.68
1344.0	117.0	9.523	20.872
1344.0	85.0	-24.918	-1.452
1344.0	46.0	-18.122	25.952
1356.0	105.0	0.22	25.226
1356.0	89.0	-26.37	-13.328
1356.0	117.0	8.995	20.674
1356.0	85.0	-24.918	-1.979
1356.0	46.0	-17.639	25.952
1356.0	108.0	25.138	60.789
1356.0	112.0	24.984	24.588
1368.0	105.0	0.77	25.226
1368.0	89.0	-26.37	-12.976
1368.0	117.0	8.467	20.674
1368.0	85.0	-24.918	-2.551
1368.0	46.0	-17.177	25.952
1368.0	108.0	25.138	60.24
1368.0	112.0	24.413	24.588
1380.0	105.0	1.342	25.226
1380.0	89.0	-26.37	-12.426
1380.0	117.0	7.962	20.498
1380.0	85.0	-24.918	-3.079
1380.0	46.0	-16.605	26.128
1380.0	108.0	25.138	59.866
1380.0	112.0	23.929	24.588
1392.0	105.0	1.979	25.226
1392.0	89.0	-26.458	-12.052
1392.0	117.0	7.434	20.41
1392.0	85.0	-25.006	-3.629
1392.0	46.0	-16.121	26.128
1392.0	108.0	25.138	59.338
1392.0	112.0	23.445	24.588
1404.0	105.0	2.507	25.226
1404.0	89.0	-26.458	-11.7
1404.0	117.0	6.906	20.322
1404.0	85.0	-25.006	-4.179
1404.0	46.0	-15.637	26.128
1404.0	108.0	25.138	58.788
1404.0	112.0	22.961	24.588
1416.0	105.0	2.969	25.226
1416.0	89.0	-26.458	-11.173
1416.0	117.0	6.422	20.234
1416.0	85.0	-25.006	-4.707
1416.0	46.0	-15.087	26.304
1416.0	108.0	25.138	58.238
1416.0	112.0	22.477	24.588
1428.0	105.0	3.497	25.226
1428.0	89.0	-26.458	-10.777
1428.0	117.0	5.916	20.058
1428.0	85.0	-25.094	-5.256
1428.0	46.0	-14.604	26.304
1428.0	108.0	25.182	57.71
1428.0	112.0	21.861	24.391
1440.0	89.0	-26.458	-10.425
1440.0	117.0	5.256	20.058
1440.0	85.0	-25.094	-5.806
1440.0	46.0	-14.12	26.304
1440.0	108.0	25.182	57.336
1440.0	112.0	21.289	24.391
1440.0	106.0	4.025	25.226
1452.0	89.0	-26.458	-9.897
1452.0	117.0	4.553	20.058
1452.0	85.0	-25.094	-6.334
1452.0	46.0	-13.636	26.304
1452.0	108.0	25.182	56.787
1452.0	112.0	20.63	24.391
1452.0	106.0	4.575	25.226
1464.0	117.0	3.893	19.882
1464.0	85.0	-25.094	-6.906
1464.0	46.0	-13.086	26.502
1464.0	108.0	25.182	56.259
1464.0	112.0	20.014	24.215
1464.0	106.0	5.102	25.226
1476.0	85.0	-25.182	-7.434
1476.0	46.0	-12.602	26.502
1476.0	108.0	25.182	55.709
1476.0	112.0	19.442	24.215
1476.0	106.0	5.63	25.226
1476.0	118.0	3.277	19.882
1488.0	85.0	-25.182	-7.984
1488.0	46.0	-12.118	26.502
1488.0	108.0	25.182	55.159
1488.0	112.0	18.782	24.215
1488.0	106.0	6.158	25.226
1488.0	118.0	2.617	19.882
1500.0	85.0	-25.182	-8.533
1500.0	46.0	-11.546	26.678
1500.0	108.0	25.204	54.807
1500.0	112.0	18.254	24.215
1500.0	106.0	6.708	25.402
1500.0	118.0	1.957	19.882
1512.0	85.0	-25.27	-9.061
1512.0	46.0	-11.283	26.59
1512.0	108.0	24.984	53.62
1512.0	112.0	17.353	24.127
1512.0	106.0	7.434	25.204
1512.0	118.0	1.737	19.772
1524.0	85.0	-25.336	-9.611
1524.0	46.0	-10.997	26.48
1524.0	108.0	24.764	52.542
1524.0	112.0	16.473	24.127
1524.0	106.0	8.138	25.226
1524.0	118.0	1.54	19.86
1536.0	46.0	-10.733	26.48
1536.0	108.0	24.764	52.366
1536.0	112.0	15.681	24.127
1536.0	106.0	8.951	25.138
1536.0	118.0	1.1	19.86
1548.0	108.0	24.72	51.97
1548.0	112.0	14.779	24.127
1548.0	106.0	9.105	25.05
1548.0	118.0	0.528	19.86
1548.0	47.0	-10.425	26.392
1560.0	108.0	24.72	51.618
1560.0	112.0	14.142	23.951
1560.0	106.0	8.951	24.676
1560.0	118.0	-0.022	19.86
1560.0	47.0	-9.875	26.48
1572.0	108.0	24.72	51.266
1572.0	112.0	13.548	23.951
1572.0	106.0	9.413	24.676
1572.0	118.0	-0.55	19.86
1572.0	47.0	-9.105	26.48
1584.0	108.0	24.72	50.606
1584.0	112.0	12.998	23.951
1584.0	106.0	10.733	25.05
1584.0	118.0	-1.1	19.86
1584.0	47.0	-8.401	26.48
1596.0	106.0	11.48	25.402
1596.0	118.0	-1.737	19.596
1596.0	47.0	-7.918	26.48
1596.0	109.0	24.72	49.903
1596.0	113.0	12.404	23.951
1608.0	106.0	12.008	25.776
1608.0	118.0	-2.551	19.42
1608.0	47.0	-7.434	26.48
1608.0	109.0	24.808	49.375
1608.0	113.0	11.832	23.951
1620.0	106.0	12.47	26.04
1620.0	118.0	-3.145	19.244
1620.0	47.0	-7.038	26.304
1620.0	109.0	24.632	48.803
1620.0	113.0	11.217	23.951
1632.0	106.0	13.152	25.776
1632.0	118.0	-3.651	18.892
1632.0	47.0	-6.554	26.304
1632.0	109.0	24.566	48.275
1632.0	113.0	10.667	23.951
1644.0	106.0	13.79	25.402
1644.0	118.0	-4.179	18.672
1644.0	47.0	-6.158	26.128
1644.0	109.0	24.566	47.703
1644.0	113.0	10.117	23.863
1656.0	106.0	14.472	25.226
1656.0	118.0	-4.663	18.496
1656.0	47.0	-5.63	26.128
1656.0	109.0	24.566	46.648
1656.0	113.0	9.501	23.863
1668.0	106.0	14.867	25.226
1668.0	118.0	-5.19	18.32
1668.0	47.0	-4.926	26.128
1668.0	109.0	24.566	45.548
1668.0	113.0	8.929	23.863
1680.0	118.0	-5.806	18.32
1680.0	47.0	-4.179	25.952
1680.0	109.0	24.566	45.02
1680.0	113.0	8.357	23.863
1680.0	107.0	15.351	25.402
1692.0	118.0	-6.422	18.496
1692.0	47.0	-3.959	25.952
1692.0	109.0	24.72	45.02
1692.0	113.0	7.786	23.863
1692.0	107.0	15.945	25.402
1704.0	118.0	-7.038	18.672
1704.0	47.0	-3.783	25.776
1704.0	109.0	24.808	44.8
1704.0	113.0	7.192	23.775
1704.0	107.0	16.671	25.226
1716.0	47.0	-3.475	25.776
1716.0	109.0	24.896	44.8
1716.0	113.0	6.62	23.775
1716.0	107.0	17.397	25.028
1716.0	119.0	-7.676	18.892
1728.0	47.0	-2.991	26.128
1728.0	109.0	24.808	44.272
1728.0	113.0	6.026	23.775
1728.0	107.0	18.034	24.852
1728.0	119.0	-8.313	19.068
1740.0	47.0	-2.419	26.304
1740.0	109.0	24.72	43.745
1740.0	113.0	5.476	23.687
1740.0	107.0	18.606	24.852
1740.0	119.0	-8.951	19.068
1752.0	47.0	-1.935	26.854
1752.0	109.0	24.566	42.997
1752.0	113.0	4.861	23.687
1752.0	107.0	19.156	24.764
1752.0	119.0	-10.227	18.584
1764.0	47.0	-1.452	27.228
1764.0	109.0	24.478	42.645
1764.0	113.0	4.289	23.687
1764.0	107.0	19.728	24.676
1764.0	119.0	-11.59	17.881
1776.0	47.0	-0.968	27.58
1776.0	109.0	24.478	42.469
1776.0	113.0	3.717	23.687
1776.0	107.0	20.278	24.676
1776.0	119.0	-12.404	17.793
1788.0	109.0	24.478	42.117
1788.0	113.0	3.145	23.687
1788.0	107.0	20.762	24.588
1788.0	119.0	-13.042	17.793
1788.0	48.0	-0.506	27.58
1800.0	109.0	24.478	41.897
1800.0	113.0	2.529	23.687
1800.0	107.0	21.311	24.588
1800.0	119.0	-13.68	17.793
1800.0	48.0	-0.044	27.404
1812.0	109.0	24.478	41.721
1812.0	113.0	1.979	23.687
1812.0	107.0	21.883	24.5
1812.0	119.0	-14.252	17.793
1812.0	48.0	0.44	27.228
1824.0	109.0	24.478	41.721
1824.0	113.0	1.386	23.599
1824.0	107.0	22.367	24.413
1824.0	119.0	-14.801	17.793
1824.0	48.0	1.012	27.052
1836.0	107.0	22.851	24.5
1836.0	119.0	-15.527	17.968
1836.0	48.0	1.584	26.678
1836.0	110.0	24.478	41.721
1836.0	114.0	0.814	23.599
1848.0	107.0	23.313	24.5
1848.0	119.0	-16.319	17.968
1848.0	48.0	2.155	26.678
1848.0	110.0	24.478	41.721
1848.0	114.0	0.22	23.599
1860.0	107.0	23.797	24.303
1860.0	119.0	-17.045	17.968
1860.0	48.0	2.683	26.48
1860.0	110.0	24.478	41.721
1860.0	114.0	-0.352	23.511
1872.0	107.0	24.127	23.775
1872.0	119.0	-17.771	17.968
1872.0	48.0	3.101	26.128
1872.0	110.0	24.478	41.721
1872.0	114.0	-0.99	23.511
1884.0	107.0	24.522	23.247
1884.0	119.0	-18.254	17.968
1884.0	48.0	3.651	26.304
1884.0	110.0	24.478	41.721
1884.0	114.0	-1.54	23.511
1896.0	107.0	24.61	23.247
1896.0	119.0	-18.804	17.968
1896.0	48.0	4.311	26.678
1896.0	110.0	24.478	41.545
1896.0	114.0	-2.155	23.511
1908.0	107.0	24.61	23.247
1908.0	119.0	-19.2	17.968
1908.0	48.0	4.795	26.678
1908.0	110.0	24.478	41.545
1908.0	114.0	-2.705	23.511
1920.0	119.0	-19.53	17.968
1920.0	48.0	5.278	26.304
1920.0	110.0	24.478	41.545
1920.0	114.0	-3.299	23.423
1932.0	119.0	-19.794	17.968
1932.0	48.0	5.674	26.128
1932.0	110.0	24.478	41.545
1932.0	114.0	-3.871	23.423
1944.0	119.0	-20.322	17.968
1944.0	48.0	6.07	26.128
1944.0	110.0	24.478	41.545
1944.0	114.0	-4.487	23.423
1956.0	48.0	6.466	26.128
1956.0	110.0	24.478	41.545
1956.0	114.0	-5.014	23.423
1968.0	48.0	6.862	26.128
1968.0	110.0	24.478	41.545
1968.0	114.0	-5.63	23.423
1968.0	120.0	15.945	18.98
1980.0	48.0	7.346	26.128
1980.0	110.0	24.325	41.193
1980.0	114.0	-6.202	23.423
1980.0	120.0	15.395	18.98
1992.0	48.0	7.83	26.128
1992.0	110.0	24.083	40.666
1992.0	114.0	-6.796	23.423
1992.0	120.0	14.845	18.98
2004.0	48.0	8.138	26.04
2004.0	110.0	23.929	40.27
2004.0	114.0	-7.346	23.423
2004.0	120.0	14.23	18.584
2016.0	48.0	8.489	25.952
2016.0	110.0	23.929	39.742
2016.0	114.0	-8.006	23.423
2016.0	120.0	13.614	18.584
2028.0	110.0	23.973	39.302
2028.0	114.0	-8.599	23.423
2028.0	120.0	12.954	18.584
2028.0	49.0	8.907	25.864
2040.0	110.0	23.973	38.906
2040.0	114.0	-9.237	23.511
2040.0	120.0	12.338	18.584
2040.0	49.0	9.281	25.864
2052.0	110.0	24.017	38.378
2052.0	114.0	-9.831	23.511
2052.0	120.0	11.722	18.672
2052.0	49.0	9.633	25.776
2064.0	110.0	24.017	38.026
2064.0	114.0	-10.491	23.599
2064.0	120.0	11.107	18.672
2064.0	49.0	9.985	25.688
2076.0	120.0	10.469	18.672
2076.0	49.0	10.381	25.578
2076.0	111.0	24.017	37.564
2076.0	115.0	-11.107	23.599
2088.0	120.0	9.831	18.672
2088.0	49.0	10.755	25.49
2088.0	111.0	24.039	37.015
2088.0	115.0	-11.722	23.599
2100.0	120.0	9.193	18.782
2100.0	49.0	11.151	25.402
2100.0	111.0	24.039	36.663
2100.0	115.0	-12.338	23.687
2112.0	120.0	8.577	18.782
2112.0	49.0	11.48	25.314
2112.0	111.0	24.083	36.201
2112.0	115.0	-12.954	23.687
2124.0	120.0	7.962	18.782
2124.0	49.0	11.876	25.314
2124.0	111.0	24.083	35.739
2124.0	115.0	-13.614	23.775
2136.0	120.0	7.346	18.87
2136.0	49.0	12.228	25.226
2136.0	111.0	24.127	35.299
2136.0	115.0	-14.23	23.775
2148.0	120.0	6.664	18.87
2148.0	49.0	12.624	25.138
2148.0	111.0	24.127	34.837
2148.0	115.0	-14.845	23.775
2160.0	120.0	6.07	18.87
2160.0	49.0	12.998	25.05
2160.0	111.0	24.171	34.375
2160.0	115.0	-15.483	23.863
2172.0	120.0	5.41	18.87
2172.0	49.0	13.35	24.962
2172.0	111.0	24.171	33.936
2172.0	115.0	-16.077	23.863
2184.0	120.0	4.817	18.87
2184.0	49.0	13.482	24.852
2184.0	111.0	24.259	33.562
2184.0	115.0	-16.715	24.039
2196.0	120.0	4.267	18.87
2196.0	49.0	13.086	24.676
2196.0	111.0	24.259	33.386
2196.0	115.0	-17.199	24.039
2208.0	49.0	12.668	24.5
2208.0	111.0	24.259	33.298
2208.0	115.0	-17.771	24.039
2208.0	121.0	3.695	18.87
2220.0	49.0	12.338	24.325
2220.0	111.0	24.259	33.21
2220.0	115.0	-18.32	24.039
2220.0	121.0	3.145	18.782
2232.0	49.0	11.942	23.951
2232.0	111.0	24.259	33.034
2232.0	115.0	-18.804	24.039
2232.0	121.0	2.573	18.694
2244.0	49.0	11.546	23.775
2244.0	111.0	24.259	32.836
2244.0	115.0	-19.376	24.039
2244.0	121.0	1.979	18.694
2256.0	49.0	11.239	23.599
2256.0	111.0	24.259	32.748
2256.0	115.0	-19.926	24.039
2256.0	121.0	1.408	18.606
2268.0	111.0	24.259	32.572
2268.0	115.0	-20.41	24.039
2268.0	121.0	0.858	18.496
2268.0	50.0	10.843	23.401
2280.0	111.0	24.259	32.396
2280.0	115.0	-20.96	24.039
2280.0	121.0	0.308	18.496
2280.0	50.0	10.425	23.225
2292.0	111.0	24.281	32.198
2292.0	115.0	-21.443	24.039
2292.0	121.0	-0.264	18.408
2292.0	50.0	10.029	22.873
2304.0	111.0	24.281	32.022
2304.0	115.0	-22.015	24.039
2304.0	121.0	-0.836	18.408
2304.0	50.0	9.699	22.675
2316.0	121.0	-1.386	18.32
2316.0	50.0	9.303	22.499
2328.0	121.0	-1.979	18.232
2328.0	50.0	8.907	22.323
2340.0	121.0	-2.595	18.232
2340.0	50.0	8.511	22.147
2352.0	121.0	-3.145	18.056
2352.0	50.0	8.116	21.773
2364.0	121.0	-3.717	18.056
2364.0	50.0	7.544	21.773
2376.0	121.0	-4.267	18.056
2376.0	50.0	6.972	21.597
2376.0	128.0	-24.984	-6.796
2388.0	121.0	-4.904	17.881
2388.0	50.0	6.422	21.421
2388.0	128.0	-25.204	-6.796
2400.0	121.0	-5.476	17.881
2400.0	50.0	5.872	21.421
2400.0	128.0	-25.468	-6.796
2412.0	121.0	-6.026	17.881
2412.0	50.0	5.3	21.223
2412.0	128.0	-25.644	-6.796
2424.0	121.0	-6.664	17.705
2424.0	50.0	4.729	21.048
2424.0	128.0	-25.886	-6.708
2436.0	121.0	-7.236	17.705
2436.0	50.0	4.179	21.048
2436.0	128.0	-25.886	-6.334
2448.0	50.0	3.629	20.872
2448.0	128.0	-25.974	-5.806
2448.0	122.0	-7.786	17.705
2448.0	124.0	-30.417	46.45
2448.0	126.0	-29.581	45.086
2460.0	50.0	3.145	20.872
2460.0	128.0	-25.974	-5.454
2460.0	122.0	-8.357	17.705
2460.0	124.0	-30.197	46.626
2460.0	126.0	-29.383	45.284
2460.0	130.0	-28.899	8.819
2472.0	50.0	2.661	20.696
2472.0	128.0	-25.974	-5.08
2472.0	122.0	-8.907	17.705
2472.0	124.0	-29.757	47.088
2472.0	126.0	-29.053	45.636
2472.0	130.0	-28.569	8.247
2484.0	50.0	2.265	20.498
2484.0	128.0	-26.062	-4.707
2484.0	122.0	-9.479	17.705
2484.0	124.0	-29.339	47.549
2484.0	126.0	-28.745	45.9
2484.0	130.0	-28.261	7.72
2496.0	50.0	1.781	20.322
2496.0	128.0	-26.062	-4.179
2496.0	122.0	-10.029	17.705
2496.0	124.0	-28.921	47.989
2496.0	126.0	-28.415	46.274
2496.0	130.0	-27.931	7.17
2508.0	128.0	-26.062	-3.717
2508.0	122.0	-10.557	17.705
2508.0	124.0	-28.525	48.363
2508.0	126.0	-28.019	46.714
2508.0	130.0	-27.777	6.532
2508.0	51.0	1.43	20.234
2520.0	128.0	-26.018	-3.167
2520.0	122.0	-11.041	17.793
2520.0	124.0	-28.085	48.627
2520.0	126.0	-27.58	47.263
2520.0	130.0	-27.689	6.004
2520.0	51.0	1.1	20.146
2532.0	128.0	-25.93	-2.727
2532.0	122.0	-11.48	17.881
2532.0	124.0	-27.689	48.913
2532.0	126.0	-27.118	47.725
2532.0	130.0	-27.646	5.344
2532.0	51.0	0.748	20.234
2544.0	128.0	-25.886	-2.155
2544.0	122.0	-11.964	17.968
2544.0	124.0	-27.25	49.265
2544.0	126.0	-26.678	48.165
2544.0	130.0	-27.536	4.817
2544.0	51.0	0.374	20.146
2556.0	128.0	-25.798	-1.628
2556.0	122.0	-12.426	18.056
2556.0	124.0	-26.81	49.617
2556.0	126.0	-26.282	48.737
2556.0	130.0	-27.492	4.179
2556.0	51.0	0.044	20.146
2568.0	128.0	-25.754	-1.188
2568.0	122.0	-12.91	18.056
2568.0	124.0	-26.414	49.903
2568.0	126.0	-25.842	49.177
2568.0	130.0	-27.382	3.717
2568.0	51.0	-0.308	20.146
2580.0	128.0	-25.71	-0.616
2580.0	122.0	-13.438	18.166
2580.0	124.0	-25.974	50.255
2580.0	126.0	-25.424	49.705
2580.0	130.0	-27.338	3.079
2580.0	51.0	-0.704	20.234
2580.0	54.0	25.622	26.854
2592.0	128.0	-25.71	-0.176
2592.0	122.0	-14.098	18.166
2592.0	124.0	-25.556	50.628
2592.0	126.0	-25.006	50.189
2592.0	130.0	-27.272	2.551
2592.0	51.0	-1.188	20.234
2592.0	54.0	25.05	26.502
2604.0	128.0	-25.622	0.352
2604.0	122.0	-14.626	18.342
2604.0	124.0	-25.16	50.98
2604.0	126.0	-24.61	50.54
2604.0	130.0	-27.184	2.001
2604.0	51.0	-1.671	20.234
2604.0	54.0	24.632	26.304
2616.0	122.0	-15.197	18.342
2616.0	124.0	-24.764	51.53
2616.0	126.0	-24.215	51.068
2616.0	130.0	-27.096	1.364
2616.0	51.0	-2.155	20.234
2616.0	54.0	24.171	26.128
2616.0	129.0	-25.578	0.924
2628.0	122.0	-15.769	18.342
2628.0	124.0	-24.369	51.904
2628.0	126.0	-23.819	51.442
2628.0	130.0	-27.052	0.814
2628.0	51.0	-2.639	20.234
2628.0	54.0	23.753	25.952
2628.0	129.0	-25.578	1.364
2640.0	122.0	-16.341	18.342
2640.0	124.0	-23.973	52.432
2640.0	126.0	-23.401	51.992
2640.0	130.0	-26.942	0.264
2640.0	51.0	-3.123	20.058
2640.0	54.0	23.291	25.776
2640.0	129.0	-25.732	1.913
2652.0	122.0	-16.957	18.342
2652.0	124.0	-23.665	52.806
2652.0	126.0	-23.005	52.344
2652.0	130.0	-26.898	-0.264
2652.0	51.0	-3.585	20.058
2652.0	54.0	22.807	25.578
2652.0	129.0	-25.798	2.265
2664.0	122.0	-17.529	18.342
2664.0	124.0	-23.269	53.356
2664.0	126.0	-22.609	52.894
2664.0	130.0	-26.81	-0.924
2664.0	51.0	-4.069	20.058
2664.0	54.0	22.389	25.402
2664.0	129.0	-25.886	2.815
2676.0	122.0	-18.1	18.342
2676.0	124.0	-22.851	53.708
2676.0	126.0	-22.213	53.268
2676.0	130.0	-26.722	-1.452
2676.0	51.0	-4.553	20.058
2676.0	54.0	21.927	25.226
2676.0	129.0	-26.062	3.365
2688.0	130.0	-26.656	-1.979
2688.0	51.0	-5.014	19.882
2688.0	54.0	21.509	25.05
2688.0	129.0	-26.15	3.717
2688.0	123.0	-18.628	18.518
2688.0	125.0	-22.433	54.257
2688.0	127.0	-21.817	53.795
2700.0	51.0	-5.366	19.882
2700.0	54.0	21.048	25.05
2700.0	129.0	-26.216	4.267
2700.0	123.0	-19.2	18.694
2700.0	125.0	-22.037	54.609
2700.0	127.0	-21.487	54.147
2700.0	131.0	-26.59	-2.551
2712.0	51.0	-5.828	19.882
2712.0	54.0	20.564	24.676
2712.0	129.0	-26.37	4.817
2712.0	123.0	-19.86	18.87
2712.0	125.0	-21.729	55.159
2712.0	127.0	-21.092	54.719
2712.0	131.0	-26.59	-3.255
2724.0	51.0	-6.312	19.882
2724.0	54.0	20.124	24.413
2724.0	129.0	-26.458	5.168
2724.0	123.0	-20.41	18.87
2724.0	125.0	-21.333	55.533
2724.0	127.0	-20.608	55.071
2724.0	131.0	-26.502	-3.827
2736.0	51.0	-6.796	19.882
2736.0	54.0	19.684	24.127
2736.0	129.0	-26.634	5.718
2736.0	123.0	-20.96	18.87
2736.0	125.0	-20.85	56.061
2736.0	127.0	-20.212	55.423
2736.0	131.0	-26.414	-4.355
2748.0	54.0	19.2	23.775
2748.0	129.0	-26.854	6.07
2748.0	123.0	-21.619	18.694
2748.0	125.0	-20.454	56.435
2748.0	127.0	-19.816	55.995
2748.0	131.0	-26.326	-4.883
2748.0	52.0	-7.258	19.882
2760.0	54.0	18.76	23.489
2760.0	129.0	-27.096	6.444
2760.0	123.0	-22.169	18.694
2760.0	125.0	-20.058	56.985
2760.0	127.0	-19.398	56.347
2760.0	131.0	-26.26	-5.454
2760.0	52.0	-7.742	19.882
2772.0	54.0	18.276	23.225
2772.0	129.0	-27.426	6.818
2772.0	123.0	-22.719	18.518
2772.0	125.0	-19.662	57.336
2772.0	127.0	-18.936	56.699
2772.0	131.0	-26.326	-5.806
2772.0	52.0	-8.313	19.882
2784.0	54.0	17.793	22.961
2784.0	129.0	-27.646	7.346
2784.0	123.0	-23.379	18.518
2784.0	125.0	-19.244	57.71
2784.0	127.0	-18.518	57.05
2784.0	131.0	-26.414	-6.158
2784.0	52.0	-8.797	19.882
2796.0	54.0	17.353	22.675
2796.0	129.0	-27.909	7.72
2796.0	123.0	-23.929	18.342
2796.0	125.0	-18.848	58.238
2796.0	127.0	-18.21	57.622
2796.0	131.0	-26.414	-6.73
2796.0	52.0	-9.281	19.882
2808.0	54.0	16.913	22.411
2808.0	129.0	-28.129	8.072
2808.0	123.0	-24.478	18.342
2808.0	125.0	-18.452	58.7
2808.0	127.0	-17.881	58.15
2808.0	131.0	-26.414	-7.434
2808.0	52.0	-9.765	19.882
2820.0	129.0	-28.393	8.621
2820.0	123.0	-25.05	18.342
2820.0	125.0	-18.056	59.25
2820.0	127.0	-17.573	58.7
2820.0	131.0	-26.326	-8.181
2820.0	52.0	-10.249	19.882
2820.0	55.0	16.429	22.037
2832.0	129.0	-28.789	8.621
2832.0	123.0	-25.842	18.166
2832.0	125.0	-17.705	59.69
2832.0	127.0	-17.243	59.074
2832.0	131.0	-26.326	-8.885
2832.0	52.0	-10.733	19.882
2832.0	55.0	15.989	21.861
2844.0	129.0	-29.185	8.621
2844.0	123.0	-26.656	18.166
2844.0	125.0	-17.287	60.152
2844.0	127.0	-16.913	59.602
2844.0	131.0	-26.26	-9.413
2844.0	52.0	-11.195	19.882
2844.0	55.0	15.505	21.509
2856.0	123.0	-27.382	18.166
2856.0	125.0	-16.891	60.613
2856.0	127.0	-16.605	59.954
2856.0	131.0	-26.172	-10.161
2856.0	52.0	-11.678	19.882
2856.0	55.0	15.021	21.509
2868.0	123.0	-28.019	18.166
2868.0	125.0	-16.473	60.965
2868.0	127.0	-16.121	59.954
2868.0	131.0	-26.172	-10.865
2868.0	52.0	-12.162	20.058
2868.0	55.0	14.538	21.333
2880.0	123.0	-28.525	18.342
2880.0	125.0	-16.077	61.317
2880.0	127.0	-15.637	60.152
2880.0	131.0	-26.106	-11.612
2880.0	52.0	-12.624	20.058
2880.0	55.0	14.076	21.136
2892.0	123.0	-29.097	18.518
2892.0	125.0	-15.725	61.603
2892.0	127.0	-15.241	60.349
2892.0	131.0	-26.106	-12.14
2892.0	52.0	-13.042	20.058
2892.0	55.0	13.592	20.96
2904.0	123.0	-29.669	18.518
2904.0	125.0	-15.417	61.867
2904.0	127.0	-14.757	60.965
2904.0	131.0	-26.018	-12.888
2904.0	52.0	-13.504	20.058
2904.0	55.0	13.108	20.96
2916.0	123.0	-30.175	18.694
2916.0	125.0	-15.153	62.131
2916.0	127.0	-14.362	61.603
2916.0	131.0	-26.018	-13.592
2916.0	52.0	-13.988	20.058
2916.0	55.0	12.558	20.784
2928.0	131.0	-25.93	-14.34
2928.0	52.0	-14.406	20.058
2928.0	55.0	12.074	20.586
2940.0	52.0	-14.867	20.058
2940.0	55.0	11.59	20.41
2952.0	52.0	-15.351	19.882
2952.0	55.0	11.107	20.41
2964.0	52.0	-15.923	19.882
2964.0	55.0	10.623	20.234
2976.0	52.0	-16.407	19.882
2976.0	55.0	10.139	20.058
2988.0	55.0	9.655	19.684
2988.0	53.0	-16.979	19.882
3000.0	55.0	9.171	19.508
3000.0	53.0	-17.441	19.882
3012.0	55.0	8.621	19.332
3012.0	53.0	-17.924	19.794
3024.0	55.0	8.159	19.332
3024.0	53.0	-18.408	19.794
3036.0	55.0	7.676	19.332
3036.0	53.0	-18.848	19.794
3048.0	55.0	7.192	19.332
3048.0	53.0	-19.332	19.794
3060.0	53.0	-19.772	19.794
3060.0	56.0	6.708	19.332
3072.0	53.0	-20.212	19.794
3072.0	56.0	6.224	19.332
3084.0	53.0	-20.652	19.794
3084.0	56.0	5.74	19.332
3084.0	0.0	25.6	59.228
3096.0	53.0	-21.136	19.794
3096.0	56.0	5.256	19.222
3096.0	0.0	25.6	57.424
3108.0	53.0	-21.575	19.794
3108.0	56.0	4.773	19.222
3108.0	0.0	25.6	55.445
3120.0	53.0	-22.059	19.794
3120.0	56.0	4.289	19.222
3120.0	0.0	25.6	53.62
3132.0	53.0	-22.455	19.794
3132.0	56.0	3.805	19.222
3132.0	0.0	25.6	51.794
3144.0	53.0	-22.939	19.794
3144.0	56.0	3.343	19.222
3144.0	0.0	25.6	49.991
3156.0	53.0	-23.379	19.794
3156.0	56.0	2.859	19.222
3156.0	0.0	25.6	48.187
3168.0	53.0	-23.863	19.794
3168.0	56.0	2.375	19.222
3168.0	0.0	25.6	46.164
3180.0	53.0	-24.347	19.882
3180.0	56.0	1.913	19.134
3180.0	0.0	25.6	44.36
3192.0	53.0	-24.742	19.882
3192.0	56.0	1.43	19.134
3192.0	0.0	25.6	42.557
3204.0	53.0	-25.226	19.882
3204.0	56.0	0.946	19.134
3204.0	0.0	25.6	40.753
3216.0	53.0	-25.666	19.882
3216.0	56.0	0.462	19.134
3216.0	0.0	25.6	38.906
3228.0	56.0	-0.022	19.134
3228.0	0.0	25.6	36.927
3240.0	56.0	-0.506	19.134
3240.0	0.0	25.6	35.123
3252.0	56.0	-0.99	19.134
3252.0	0.0	25.6	33.298
3264.0	56.0	-1.474	19.134
3264.0	0.0	25.6	31.472
3276.0	56.0	-1.957	19.046
3276.0	0.0	25.6	29.493
3288.0	56.0	-2.441	19.046
3288.0	0.0	24.874	28.041
3300.0	0.0	23.357	26.942
3300.0	57.0	-2.903	19.046
3312.0	0.0	22.323	26.414
3312.0	57.0	-3.387	19.046
3324.0	57.0	-3.871	19.046
3336.0	57.0	-4.333	19.046
3348.0	57.0	-4.817	19.046
3360.0	57.0	-5.344	18.958
3372.0	57.0	-5.828	18.958
3372.0	12.0	24.808	21.158
3384.0	57.0	-6.312	18.958
3384.0	12.0	24.413	21.158
3396.0	57.0	-6.796	18.958
3396.0	12.0	24.017	21.158
3396.0	7.0	24.369	19.948
3408.0	57.0	-7.28	18.958
3408.0	12.0	23.533	21.158
3408.0	7.0	23.797	19.772
3420.0	57.0	-7.764	18.958
3420.0	12.0	23.137	21.158
3420.0	7.0	23.335	19.772
3432.0	57.0	-8.247	18.958
3432.0	12.0	22.741	21.158
3432.0	7.0	22.851	19.596
3444.0	57.0	-8.731	18.87
3444.0	12.0	22.257	21.333
3444.0	7.0	22.367	19.596
3456.0	57.0	-9.215	18.87
3456.0	12.0	21.861	21.333
3456.0	7.0	21.795	19.42
3468.0	57.0	-9.655	18.87
3468.0	12.0	21.421	21.333
3468.0	7.0	21.311	19.42
3480.0	57.0	-10.139	18.87
3480.0	12.0	20.96	21.333
3480.0	7.0	20.828	19.244
3492.0	57.0	-10.623	18.87
3492.0	12.0	20.542	21.333
3492.0	7.0	20.366	19.244
3504.0	57.0	-11.107	18.87
3504.0	12.0	20.124	21.421
3504.0	7.0	19.882	19.244
3516.0	57.0	-11.59	18.87
3516.0	12.0	19.64	21.421
3516.0	7.0	19.398	19.332
3528.0	57.0	-12.074	18.87
3528.0	12.0	19.156	21.421
3528.0	7.0	18.914	19.42
3540.0	12.0	18.672	21.509
3540.0	7.0	18.43	19.508
3552.0	12.0	18.21	21.509
3552.0	7.0	18.012	19.596
3564.0	12.0	17.749	21.509
3564.0	7.0	17.529	19.794
3576.0	12.0	17.287	21.597
3576.0	7.0	17.045	19.882
3588.0	12.0	16.803	21.597
3588.0	7.0	16.561	19.882
3600.0	12.0	16.319	21.597
3600.0	7.0	16.121	19.97
3612.0	7.0	15.637	20.058
3612.0	13.0	15.835	21.597
3624.0	7.0	15.153	20.146
3624.0	13.0	15.351	21.597
3636.0	13.0	14.889	21.597
3636.0	8.0	14.669	20.322
3648.0	13.0	14.406	21.685
3648.0	8.0	14.23	20.41
3660.0	13.0	13.922	21.685
3660.0	8.0	13.746	20.498
3672.0	13.0	13.482	21.685
3672.0	8.0	13.262	20.608
3684.0	13.0	12.998	21.773
3684.0	8.0	12.778	20.696
3696.0	13.0	12.514	21.773
3696.0	8.0	12.382	20.696
3708.0	13.0	12.03	21.773
3708.0	8.0	11.898	20.696
3720.0	13.0	11.59	21.883
3720.0	8.0	11.414	20.696
3732.0	13.0	11.107	21.883
3732.0	8.0	11.019	20.696
3744.0	13.0	10.623	21.883
3744.0	8.0	10.535	20.696
3756.0	13.0	10.139	21.883
3756.0	8.0	10.051	20.696
3768.0	13.0	9.655	21.883
3768.0	8.0	9.655	20.696
3780.0	13.0	9.171	21.883
3780.0	8.0	9.171	20.696
3792.0	13.0	8.687	21.883
3792.0	8.0	8.709	20.696
3804.0	13.0	8.291	21.883
3804.0	8.0	8.291	20.608
3816.0	13.0	7.808	21.883
3816.0	8.0	7.83	20.608
3828.0	13.0	7.39	21.883
3828.0	8.0	7.412	20.608
3840.0	13.0	6.928	21.883
3840.0	8.0	6.928	20.608
3852.0	8.0	6.466	20.608
3852.0	14.0	6.51	21.773
3864.0	8.0	6.048	20.608
3864.0	14.0	6.026	21.773
3876.0	14.0	5.608	21.685
3876.0	9.0	5.586	20.608
3888.0	14.0	5.146	21.597
3888.0	9.0	5.102	20.608
3900.0	14.0	4.729	21.597
3900.0	9.0	4.685	20.498
3912.0	14.0	4.267	21.597
3912.0	9.0	4.223	20.498
3924.0	14.0	3.783	21.509
3924.0	9.0	3.739	20.498
3924.0	17.0	-29.977	23.951
3924.0	22.0	-30.021	25.138
3936.0	14.0	3.365	21.399
3936.0	9.0	3.343	20.498
3936.0	17.0	-29.427	23.951
3936.0	22.0	-29.537	25.226
3948.0	14.0	2.903	21.399
3948.0	9.0	2.859	20.498
3948.0	17.0	-28.943	23.951
3948.0	22.0	-29.053	25.314
3960.0	14.0	2.463	21.399
3960.0	9.0	2.375	20.498
3960.0	17.0	-28.371	23.951
3960.0	22.0	-28.613	25.578
3972.0	14.0	2.023	21.311
3972.0	9.0	1.979	20.498
3972.0	17.0	-27.887	23.951
3972.0	22.0	-28.129	25.688
3984.0	14.0	1.584	21.311
3984.0	9.0	1.496	20.498
3984.0	17.0	-27.338	23.951
3984.0	22.0	-27.668	25.864
3996.0	14.0	1.1	21.311
3996.0	9.0	1.034	20.498
3996.0	17.0	-26.854	23.951
3996.0	22.0	-27.14	25.864
4008.0	14.0	0.462	21.311
4008.0	9.0	0.528	20.234
4008.0	17.0	-26.458	23.863
4008.0	22.0	-26.612	25.864
4020.0	14.0	-0.308	21.421
4020.0	9.0	0.0	20.058
4020.0	17.0	-26.04	23.599
4020.0	22.0	-26.172	25.864
4032.0	14.0	-1.034	21.509
4032.0	9.0	-0.55	19.882
4032.0	17.0	-25.732	23.401
4032.0	22.0	-25.776	25.864
4044.0	14.0	-1.781	21.597
4044.0	9.0	-1.078	19.706
4044.0	17.0	-25.38	23.137
4044.0	22.0	-25.336	25.864
4056.0	14.0	-2.397	21.597
4056.0	9.0	-1.628	19.398
4056.0	17.0	-24.918	23.137
4056.0	22.0	-24.896	25.864
4068.0	14.0	-2.705	21.597
4068.0	9.0	-2.133	19.31
4068.0	17.0	-24.303	23.313
4068.0	22.0	-24.434	25.864
4080.0	14.0	-3.101	21.421
4080.0	9.0	-2.573	19.31
4080.0	17.0	-23.731	23.313
4080.0	22.0	-23.995	25.864
4092.0	9.0	-3.057	19.31
4092.0	17.0	-23.159	23.489
4092.0	22.0	-23.621	25.864
4092.0	15.0	-3.431	21.421
4104.0	9.0	-3.541	19.31
4104.0	17.0	-22.543	23.665
4104.0	22.0	-23.181	25.952
4104.0	15.0	-3.915	21.421
4116.0	17.0	-21.971	23.665
4116.0	22.0	-22.697	25.952
4116.0	15.0	-4.465	21.421
4116.0	10.0	-4.025	19.31
4128.0	17.0	-21.092	23.863
4128.0	22.0	-22.213	25.952
4128.0	15.0	-5.036	21.421
4128.0	10.0	-4.597	19.31
4140.0	17.0	-20.036	24.061
4140.0	22.0	-21.729	25.952
4140.0	15.0	-5.586	21.597
4140.0	10.0	-5.146	19.31
4152.0	17.0	-19.068	24.061
4152.0	22.0	-21.333	25.952
4152.0	15.0	-6.224	21.421
4152.0	10.0	-5.784	19.31
4164.0	15.0	-6.884	21.421
4164.0	10.0	-6.356	19.134
4164.0	18.0	-18.276	24.061
4164.0	23.0	-20.85	25.952
4176.0	15.0	-7.5	21.421
4176.0	10.0	-6.752	19.134
4176.0	18.0	-17.924	24.061
4176.0	23.0	-20.366	25.776
4188.0	15.0	-7.984	21.245
4188.0	10.0	-7.148	18.958
4188.0	18.0	-17.529	24.061
4188.0	23.0	-19.794	25.776
4200.0	15.0	-8.401	21.048
4200.0	10.0	-7.544	18.958
4200.0	18.0	-17.111	24.061
4200.0	23.0	-19.178	25.776
4212.0	15.0	-8.643	21.048
4212.0	10.0	-8.203	18.958
4212.0	18.0	-16.759	23.951
4212.0	23.0	-18.694	25.776
4224.0	15.0	-8.863	21.048
4224.0	10.0	-8.687	18.958
4224.0	18.0	-16.363	23.951
4224.0	23.0	-18.21	25.776
4236.0	15.0	-9.589	21.048
4236.0	10.0	-9.171	19.134
4236.0	18.0	-15.967	23.863
4236.0	23.0	-17.727	25.776
4248.0	15.0	-10.403	21.048
4248.0	10.0	-9.633	18.958
4248.0	18.0	-15.571	23.863
4248.0	23.0	-17.155	25.952
4260.0	15.0	-10.557	21.048
4260.0	10.0	-10.117	18.782
4260.0	18.0	-15.197	23.775
4260.0	23.0	-16.671	25.952
4272.0	15.0	-11.524	20.872
4272.0	10.0	-10.447	18.782
4272.0	18.0	-14.801	23.775
4272.0	23.0	-16.187	25.776
4284.0	15.0	-11.678	20.872
4284.0	10.0	-10.755	18.782
4284.0	18.0	-14.406	23.775
4284.0	23.0	-15.725	25.776
4296.0	15.0	-11.92	21.048
4296.0	10.0	-11.063	18.782
4296.0	18.0	-14.032	23.775
4296.0	23.0	-15.175	25.776
4308.0	15.0	-12.316	21.048
4308.0	10.0	-11.414	18.958
4308.0	18.0	-13.57	23.775
4308.0	23.0	-14.691	25.776
4320.0	15.0	-12.866	21.048
4320.0	10.0	-11.722	18.958
4320.0	18.0	-12.91	23.775
4320.0	23.0	-14.516	25.776
4332.0	10.0	-12.03	18.958
4332.0	18.0	-12.36	23.951
4332.0	23.0	-14.516	25.776
4332.0	16.0	-13.438	21.048
4344.0	10.0	-12.36	18.958
4344.0	18.0	-11.722	23.951
4344.0	23.0	-14.516	25.776
4344.0	16.0	-13.922	21.048
4356.0	18.0	-11.151	23.951
4356.0	23.0	-14.516	25.776
4356.0	16.0	-14.318	21.048
4356.0	11.0	-12.822	18.958
4368.0	18.0	-10.667	23.951
4368.0	23.0	-13.548	25.952
4368.0	16.0	-14.713	21.048
4368.0	11.0	-13.306	18.958
4380.0	18.0	-10.205	23.951
4380.0	23.0	-12.118	26.128
4380.0	16.0	-15.109	21.245
4380.0	11.0	-13.878	18.958
4392.0	18.0	-9.721	23.951
4392.0	23.0	-10.755	26.48
4392.0	16.0	-15.527	21.048
4392.0	11.0	-14.362	18.782
4404.0	16.0	-15.923	21.048
4404.0	11.0	-14.933	18.782
4404.0	19.0	-9.237	23.951
4404.0	24.0	-10.271	26.48
4416.0	16.0	-16.319	21.048
4416.0	11.0	-15.417	18.782
4416.0	19.0	-8.753	23.951
4416.0	24.0	-9.721	26.48
4428.0	16.0	-16.891	21.048
4428.0	11.0	-15.879	18.782
4428.0	19.0	-8.203	23.951
4428.0	24.0	-9.237	26.48
4440.0	16.0	-17.529	21.245
4440.0	11.0	-16.363	18.782
4440.0	19.0	-7.632	23.951
4440.0	24.0	-8.665	26.48
4452.0	16.0	-18.078	21.421
4452.0	11.0	-16.847	18.782
4452.0	19.0	-7.082	24.149
4452.0	24.0	-8.181	26.48
4464.0	16.0	-18.078	21.421
4464.0	11.0	-17.309	18.958
4464.0	19.0	-6.51	24.149
4464.0	24.0	-7.632	26.48
4476.0	16.0	-18.078	21.421
4476.0	11.0	-17.793	18.958
4476.0	19.0	-5.96	24.325
4476.0	24.0	-6.994	26.48
4488.0	16.0	-18.078	21.421
4488.0	11.0	-18.276	18.958
4488.0	19.0	-5.388	24.325
4488.0	24.0	-6.356	26.48
4500.0	16.0	-19.442	21.048
4500.0	11.0	-19.002	18.958
4500.0	19.0	-4.839	24.5
4500.0	24.0	-5.718	26.48
4512.0	16.0	-19.97	20.872
4512.0	11.0	-19.486	18.87
4512.0	19.0	-4.355	24.325
4512.0	24.0	-5.234	26.392
4524.0	16.0	-20.476	20.872
4524.0	11.0	-19.926	18.87
4524.0	19.0	-3.827	24.325
4524.0	24.0	-4.707	26.392
4536.0	16.0	-20.96	20.872
4536.0	11.0	-20.366	18.87
4536.0	19.0	-3.343	24.325
4536.0	24.0	-4.179	26.392
4548.0	16.0	-21.443	20.762
4548.0	11.0	-20.85	18.87
4548.0	19.0	-2.837	24.325
4548.0	24.0	-3.673	26.392
4560.0	16.0	-21.927	20.674
4560.0	11.0	-21.289	18.87
4560.0	19.0	-2.309	24.325
4560.0	24.0	-3.101	26.392
4572.0	11.0	-21.729	18.87
4572.0	19.0	-1.781	24.325
4572.0	24.0	-2.639	26.392
4584.0	11.0	-22.169	18.87
4584.0	19.0	-1.298	24.325
4584.0	24.0	-2.067	26.392
4596.0	19.0	-0.77	24.325
4596.0	24.0	-1.584	26.392
4608.0	19.0	-0.264	24.325
4608.0	24.0	-1.034	26.392
4620.0	19.0	0.242	24.325
4620.0	24.0	-0.506	26.392
4632.0	19.0	0.726	24.325
4632.0	24.0	0.022	26.392
4644.0	20.0	1.254	24.325
4644.0	25.0	0.55	26.392
4656.0	20.0	1.781	24.325
4656.0	25.0	1.056	26.392
4668.0	20.0	2.309	24.325
4668.0	25.0	1.584	26.392
4680.0	20.0	2.793	24.325
4680.0	25.0	2.133	26.392
4692.0	20.0	3.299	24.325
4692.0	25.0	2.617	26.392
4704.0	20.0	3.805	24.325
4704.0	25.0	3.189	26.392
4716.0	20.0	4.333	24.325
4716.0	25.0	3.673	26.392
4728.0	20.0	4.861	24.325
4728.0	25.0	4.223	26.392
4740.0	20.0	5.344	24.325
4740.0	25.0	4.729	26.392
4752.0	20.0	5.894	24.325
4752.0	25.0	5.256	26.304
4764.0	20.0	6.378	24.325
4764.0	25.0	5.784	26.304
4776.0	20.0	6.906	24.325
4776.0	25.0	6.312	26.304
4788.0	20.0	7.39	24.325
4788.0	25.0	6.84	26.304
4800.0	20.0	7.962	24.325
4800.0	25.0	7.368	26.304
4812.0	20.0	8.423	24.325
4812.0	25.0	7.852	26.304
4824.0	20.0	8.929	24.325
4824.0	25.0	8.379	26.304
4836.0	20.0	9.413	24.325
4836.0	25.0	8.907	26.304
4848.0	20.0	9.941	24.325
4848.0	25.0	9.435	26.304
4860.0	20.0	10.469	24.325
4860.0	25.0	10.007	26.304
4872.0	20.0	10.997	24.325
4872.0	25.0	10.447	26.304
4884.0	21.0	11.48	24.325
4884.0	26.0	11.019	26.304
4896.0	21.0	11.986	24.325
4896.0	26.0	11.502	26.304
4908.0	21.0	12.492	24.325
4908.0	26.0	12.074	26.304
4920.0	21.0	13.02	24.325
4920.0	26.0	12.602	26.304
4932.0	21.0	13.548	24.325
4932.0	26.0	13.13	26.304
4944.0	21.0	14.032	24.325
4944.0	26.0	13.614	26.304
4956.0	21.0	14.604	24.325
4956.0	26.0	14.142	26.304
4968.0	21.0	15.065	24.325
4968.0	26.0	14.669	26.304
4980.0	21.0	15.593	24.325
4980.0	26.0	15.241	26.304
4992.0	21.0	16.077	24.325
4992.0	26.0	15.725	26.304
5004.0	21.0	16.605	24.325
5004.0	26.0	16.275	26.216
5016.0	21.0	17.067	24.413
5016.0	26.0	16.825	26.128
5028.0	21.0	17.551	24.5
5028.0	26.0	17.441	26.04
5040.0	21.0	18.078	24.588
5040.0	26.0	17.946	25.952
5052.0	21.0	18.562	24.764
5052.0	26.0	18.518	25.952
5064.0	21.0	19.046	24.94
5064.0	26.0	18.914	25.952
5064.0	34.0	-29.933	8.973
5076.0	21.0	19.574	25.05
5076.0	26.0	19.31	25.952
5076.0	34.0	-29.537	8.797
5088.0	21.0	20.058	25.05
5088.0	26.0	19.794	25.952
5088.0	34.0	-29.141	8.621
5100.0	21.0	20.586	25.05
5100.0	26.0	20.366	25.952
5100.0	34.0	-28.811	8.445
5112.0	21.0	21.158	25.05
5112.0	26.0	20.916	25.952
5112.0	34.0	-28.415	8.269
5124.0	34.0	-28.107	8.072
5136.0	34.0	-27.777	7.72
5148.0	34.0	-27.536	7.346
5160.0	34.0	-27.206	6.994
5172.0	34.0	-26.986	6.444
5184.0	34.0	-26.81	6.07
5196.0	34.0	-26.81	5.894
5196.0	27.0	-30.417	25.138
5208.0	34.0	-26.81	5.542
5208.0	27.0	-29.779	25.138
5220.0	34.0	-26.744	5.168
5220.0	27.0	-29.207	25.138
5232.0	34.0	-26.744	4.817
5232.0	27.0	-28.591	25.138
5244.0	34.0	-26.656	4.443
5244.0	27.0	-27.931	25.138
5256.0	34.0	-26.656	3.915
5256.0	27.0	-27.36	25.138
5268.0	34.0	-26.568	3.365
5268.0	27.0	-26.744	25.138
5280.0	34.0	-26.502	2.639
5280.0	27.0	-26.084	25.314
5292.0	34.0	-26.414	2.089
5292.0	27.0	-25.292	25.314
5304.0	27.0	-24.588	25.314
5304.0	35.0	-26.326	1.54
5316.0	27.0	-23.841	25.314
5316.0	35.0	-26.26	1.012
5328.0	27.0	-23.049	25.314
5328.0	35.0	-26.26	0.462
5340.0	27.0	-22.345	25.314
5340.0	35.0	-26.26	0.088
5352.0	27.0	-21.597	25.314
5352.0	35.0	-26.172	-0.44
5364.0	27.0	-20.894	25.314
5364.0	35.0	-26.172	-0.99
5376.0	27.0	-20.234	25.49
5376.0	35.0	-26.172	-1.364
5388.0	27.0	-19.53	25.49
5388.0	35.0	-26.172	-1.891
5400.0	27.0	-18.87	25.688
5400.0	35.0	-26.26	-2.265
5412.0	27.0	-18.166	25.688
5412.0	35.0	-26.326	-2.815
5424.0	27.0	-17.463	25.864
5424.0	35.0	-26.414	-3.343
5436.0	35.0	-26.502	-3.717
5436.0	28.0	-16.803	25.864
5448.0	35.0	-26.502	-4.267
5448.0	28.0	-16.099	25.864
5460.0	35.0	-26.502	-4.795
5460.0	28.0	-15.351	25.864
5472.0	35.0	-26.502	-5.344
5472.0	28.0	-14.735	25.864
5484.0	35.0	-26.502	-5.894
5484.0	28.0	-13.988	25.864
5496.0	35.0	-26.502	-6.62
5496.0	28.0	-13.284	25.864
5508.0	35.0	-26.502	-6.994
5508.0	28.0	-12.668	25.688
5520.0	35.0	-26.458	-7.346
5520.0	28.0	-12.03	25.578
5532.0	35.0	-26.414	-7.522
5532.0	28.0	-11.414	25.402
5544.0	28.0	-10.755	25.314
5544.0	36.0	-26.37	-7.786
5556.0	28.0	-10.117	25.226
5556.0	36.0	-26.326	-8.072
5568.0	28.0	-9.457	25.05
5568.0	36.0	-26.26	-8.357
5580.0	28.0	-8.885	24.962
5580.0	36.0	-26.216	-8.533
5592.0	28.0	-8.247	24.786
5592.0	36.0	-26.128	-8.885
5604.0	28.0	-7.588	24.698
5604.0	36.0	-26.128	-9.611
5616.0	28.0	-6.95	24.478
5616.0	36.0	-26.128	-10.337
5628.0	28.0	-6.312	24.391
5628.0	36.0	-26.128	-11.063
5640.0	28.0	-5.63	24.391
5640.0	36.0	-26.216	-11.612
5652.0	28.0	-5.058	24.391
5652.0	36.0	-26.216	-12.338
5664.0	28.0	-4.443	24.391
5664.0	36.0	-26.216	-13.064
5676.0	36.0	-26.216	-13.592
5676.0	29.0	-3.783	24.391
5688.0	36.0	-26.216	-13.966
5688.0	29.0	-3.167	24.588
5700.0	36.0	-26.216	-14.516
5700.0	29.0	-2.507	24.588
5712.0	36.0	-26.216	-15.043
5712.0	29.0	-1.847	24.588
5724.0	36.0	-26.216	-15.417
5724.0	29.0	-1.232	24.786
5736.0	36.0	-26.216	-15.967
5736.0	29.0	-0.572	24.786
5748.0	36.0	-26.216	-16.495
5748.0	29.0	0.044	24.786
5760.0	36.0	-26.216	-17.067
5760.0	29.0	0.792	24.962
5772.0	36.0	-26.216	-17.595
5772.0	29.0	1.408	24.962
5784.0	29.0	2.155	25.138
5796.0	29.0	2.859	25.138
5808.0	29.0	3.519	25.226
5820.0	29.0	4.223	25.314
5832.0	29.0	4.926	25.402
5844.0	29.0	5.586	25.402
5856.0	29.0	6.29	25.578
5868.0	29.0	6.95	25.578
5880.0	29.0	7.654	25.754
5892.0	29.0	8.313	25.754
5904.0	29.0	9.017	25.952
5916.0	30.0	9.765	25.952
5928.0	30.0	10.381	25.952
5940.0	30.0	11.107	25.952
5952.0	30.0	11.744	25.952
5964.0	30.0	12.404	25.952
5976.0	30.0	13.108	25.754
5988.0	30.0	13.768	25.754
6000.0	30.0	14.472	25.754
6012.0	30.0	15.197	25.754
6024.0	30.0	15.901	25.754
6036.0	30.0	16.649	25.754
6048.0	30.0	17.397	25.754
6060.0	30.0	18.122	25.754
6072.0	30.0	18.826	25.754
6084.0	30.0	19.64	25.754
6096.0	30.0	20.344	25.754
6108.0	30.0	21.07	25.754
6120.0	30.0	21.861	25.754
6132.0	30.0	22.565	25.754
6144.0	30.0	23.291	25.754
6276.0	31.0	25.622	57.248
6288.0	31.0	25.622	56.875
6300.0	31.0	25.622	56.347
6312.0	31.0	25.622	55.797
6324.0	31.0	25.622	55.423
6336.0	31.0	25.622	54.895
6348.0	31.0	25.622	54.345
6360.0	31.0	25.644	53.971
6372.0	31.0	25.644	53.444
6384.0	31.0	25.644	52.894
6396.0	31.0	25.644	52.52
6408.0	31.0	25.644	51.992
6420.0	31.0	25.644	51.442
6432.0	31.0	25.644	51.068
6444.0	31.0	25.644	50.54
6456.0	31.0	25.688	49.991
6468.0	31.0	25.688	49.617
6480.0	31.0	25.688	49.089
6480.0	37.0	-30.857	43.635
6492.0	31.0	25.688	48.539
6492.0	37.0	-30.615	43.811
6504.0	31.0	25.688	48.165
6504.0	37.0	-30.307	44.008
6516.0	37.0	-29.977	44.47
6528.0	37.0	-29.625	44.822
6540.0	37.0	-29.295	45.174
6552.0	37.0	-28.943	45.548
6564.0	37.0	-28.613	46.01
6576.0	37.0	-28.305	46.362
6588.0	37.0	-27.931	46.714
6600.0	37.0	-27.602	47.088
6612.0	37.0	-27.25	47.549
6624.0	37.0	-26.898	47.813
6636.0	37.0	-26.59	48.165
6648.0	37.0	-26.216	48.539
6660.0	37.0	-25.886	49.001
6672.0	37.0	-25.534	49.353
6684.0	37.0	-25.226	49.705
6696.0	37.0	-24.874	49.903
6708.0	37.0	-24.478	50.277
6720.0	38.0	-24.171	50.453
6732.0	38.0	-23.775	50.628
6744.0	38.0	-23.467	50.804
6756.0	38.0	-23.071	51.156
6768.0	38.0	-22.719	51.354
6780.0	38.0	-22.323	51.53
6792.0	38.0	-22.015	51.904
6804.0	38.0	-21.619	52.432
6816.0	38.0	-21.223	52.982
6828.0	38.0	-20.828	53.356
6840.0	38.0	-20.388	53.883
6852.0	38.0	-20.08	54.433
6864.0	38.0	-19.684	54.983
6876.0	38.0	-19.288	55.511
6888.0	38.0	-18.892	55.885
6900.0	38.0	-18.496	56.435
6912.0	38.0	-18.144	56.963
6924.0	38.0	-17.749	57.336
6936.0	38.0	-17.353	57.71
6948.0	38.0	-17.045	57.886
7500.0	39.0	-16.473	6.62
7500.0	41.0	-29.647	7.17
7512.0	39.0	-16.473	6.62
7512.0	41.0	-29.647	7.17
7524.0	39.0	-16.473	6.62
7524.0	41.0	-29.647	7.17
7536.0	39.0	-16.473	6.62
7536.0	41.0	-29.647	7.17
7548.0	39.0	-16.473	6.62
7548.0	41.0	-29.647	7.17
7560.0	39.0	-16.473	6.62
7560.0	41.0	-29.647	7.17
7572.0	39.0	-16.473	6.62
7572.0	41.0	-29.647	7.17
7584.0	39.0	-16.473	6.62
7584.0	41.0	-29.647	7.17
7596.0	39.0	-16.473	6.62
7596.0	41.0	-29.647	7.17
7608.0	39.0	-16.473	6.62
7608.0	41.0	-29.647	7.17
7620.0	39.0	-16.473	6.62
7620.0	41.0	-29.647	7.17
7632.0	39.0	-16.473	6.62
7632.0	41.0	-29.647	7.17
7644.0	39.0	-16.473	6.62
7644.0	41.0	-29.647	7.17
7656.0	39.0	-16.473	6.62
7656.0	41.0	-29.647	7.17
7668.0	39.0	-16.473	6.62
7668.0	41.0	-29.647	7.17
7680.0	39.0	-16.473	6.62
7680.0	41.0	-29.647	7.17
7692.0	39.0	-16.473	6.62
7692.0	41.0	-29.647	7.17
7704.0	39.0	-16.473	6.62
7704.0	41.0	-29.647	7.17
7716.0	39.0	-16.473	6.62
7716.0	41.0	-29.647	7.17
7728.0	39.0	-16.473	6.62
7728.0	41.0	-29.647	7.17
7740.0	40.0	-16.473	6.62
7740.0	42.0	-29.647	7.17
7752.0	40.0	-16.473	6.62
7752.0	42.0	-29.647	7.17
7764.0	40.0	-16.473	6.62
7764.0	42.0	-29.647	7.17
7776.0	40.0	-16.473	6.62
7776.0	42.0	-29.647	7.17
7788.0	40.0	-16.473	6.62
7788.0	42.0	-29.647	7.17
7800.0	40.0	-16.473	6.62
7800.0	42.0	-29.647	7.17
7812.0	40.0	-16.473	6.62
7812.0	42.0	-29.647	7.17
7824.0	40.0	-16.473	6.62
7824.0	42.0	-29.647	7.17
7836.0	40.0	-16.473	6.62
7836.0	42.0	-29.647	7.17
7848.0	40.0	-16.473	6.62
7848.0	42.0	-29.647	7.17
7860.0	40.0	-16.473	6.62
7860.0	42.0	-29.647	7.17
7872.0	40.0	-16.473	6.62
7872.0	42.0	-29.647	7.17
7884.0	40.0	-16.473	6.62
7884.0	42.0	-29.647	7.17
7896.0	40.0	-16.473	6.62
7896.0	42.0	-29.647	7.17
7908.0	40.0	-16.473	6.62
7908.0	42.0	-29.647	7.17
7908.0	43.0	-15.439	61.053
7920.0	40.0	-16.473	6.62
7920.0	42.0	-29.647	7.17
7920.0	43.0	-15.835	60.591
7932.0	40.0	-16.473	6.62
7932.0	42.0	-29.647	7.17
7932.0	43.0	-16.275	60.152
7944.0	40.0	-16.473	6.62
7944.0	42.0	-29.647	7.17
7944.0	43.0	-16.715	59.8
7956.0	40.0	-16.473	6.62
7956.0	42.0	-29.647	7.17
7956.0	43.0	-17.111	59.338
